1341848036.826992 0.0000000 0.0000000 0.0000000 -0.0000000 -0.0000000 -0.0000000 1.0000000
1341848036.994836 0.2184464 -0.0124850 0.0038190 0.0026536 -0.0149226 0.0082191 0.9998514
1341848037.026790 0.2238413 -0.0140251 0.0057748 0.0037421 -0.0169022 0.0082078 0.9998165
1341848037.094661 0.3194478 -0.0163265 0.0002512 0.0091703 -0.0251346 0.0068240 0.9996188
1341848037.162789 0.4173882 0.0013209 0.0049709 0.0154672 -0.0368420 0.0070446 0.9991766
1341848037.194724 0.4668539 -0.0227422 -0.0092501 0.0220401 -0.0457190 0.0041944 0.9987024
1341848037.227032 0.4846589 -0.0375698 0.0020083 0.0238953 -0.0502442 0.0058566 0.9984339
1341848037.263738 0.4871614 -0.0355667 -0.0013932 0.0277385 -0.0559008 0.0070452 0.9980261
1341848037.326868 0.5938640 -0.0630444 0.0097623 0.0308284 -0.0696004 0.0013897 0.9970976
1341848037.430946 0.6964626 -0.0698344 0.0508258 0.0349166 -0.0832236 -0.0041336 0.9959104
1341848037.494842 0.7697259 -0.0750152 0.0730185 0.0354408 -0.0937171 -0.0062219 0.9949484
1341848037.530725 0.8068529 -0.0874292 0.0855832 0.0350219 -0.0973645 -0.0084489 0.9945965
1341848037.595756 0.8664941 -0.1015873 0.1151671 0.0334697 -0.1041141 -0.0122263 0.9939268
1341848037.769764 1.0212581 -0.1242647 0.1983052 0.0295041 -0.1129485 -0.0146633 0.9930544
1341848037.798917 1.0464742 -0.1239768 0.2303680 0.0300845 -0.1155722 -0.0143879 0.9927391
1341848037.837792 1.0580016 -0.1308944 0.2409269 0.0308667 -0.1163412 -0.0132840 0.9926407
1341848037.930939 1.1451044 -0.1566107 0.3024650 0.0185745 -0.1192671 -0.0054143 0.9926737
1341848038.670685 1.7259587 -0.2983347 0.7387053 -0.0022491 -0.1620146 -0.0090861 0.9867440
1341848038.770741 1.7894319 -0.2998509 0.7732151 0.0003001 -0.1704699 -0.0119037 0.9852909
1341848038.802800 1.8199041 -0.3119671 0.7926374 -0.0023151 -0.1754155 -0.0107590 0.9844330
1341848039.002634 1.9644554 -0.3310192 0.8294581 -0.0103303 -0.1830429 -0.0043382 0.9830411
1341848039.070805 1.9950187 -0.3456295 0.8286287 -0.0118501 -0.1837021 0.0005161 0.9829104
1341848039.574890 2.2969096 -0.4223896 0.8874050 -0.0286354 -0.2031797 0.0038594 0.9787151
1341848039.881803 2.4254708 -0.4318095 1.0284425 -0.0261130 -0.2148654 -0.0026460 0.9762909
1341848040.010707 2.5068123 -0.4604119 1.1190919 -0.0296111 -0.2250503 0.0045452 0.9738865
1341848040.110819 2.5626099 -0.4882642 1.1844109 -0.0391201 -0.2289886 0.0077930 0.9726115
1341848040.242681 2.6294074 -0.4838774 1.2662276 -0.0511535 -0.2315658 0.0109797 0.9714114
1341848040.378809 2.6994946 -0.4793152 1.3453552 -0.0570359 -0.2359302 0.0211120 0.9698650
1341848040.478680 2.7539225 -0.4685843 1.3862519 -0.0542061 -0.2412178 0.0313991 0.9684471
1341848040.578879 2.8298128 -0.4468299 1.4554631 -0.0500651 -0.2496601 0.0339463 0.9664424
1341848040.714653 2.8652911 -0.4304829 1.4601932 -0.0423203 -0.2421900 0.0342206 0.9687012
1341848040.846908 2.9014337 -0.4342090 1.5145934 -0.0363904 -0.2266060 0.0402513 0.9724739
1341848040.984484 2.9797950 -0.4302244 1.5828012 -0.0367089 -0.2196624 0.0494938 0.9736279
1341848041.122188 3.0327287 -0.4475573 1.6448147 -0.0514672 -0.2149949 0.0642589 0.9731388
1341848041.250726 3.0785475 -0.4488577 1.6990484 -0.0652693 -0.2134563 0.0774124 0.9716911
1341848041.418768 3.1309233 -0.4733171 1.8004702 -0.0762996 -0.2118405 0.0804881 0.9709911
1341848041.586805 3.1755929 -0.4585319 1.9205871 -0.0856673 -0.2061651 0.0799834 0.9714730
1341848041.750776 3.2423289 -0.4445949 2.0869281 -0.0861254 -0.2122559 0.0878811 0.9694363
1341848041.918718 3.3050356 -0.3755190 2.2571836 -0.0800872 -0.2277638 0.1047822 0.9647437
1341848042.089498 3.3263493 -0.3342960 2.4372883 -0.0785650 -0.2364215 0.1187807 0.9611574
1341848042.254762 3.3488438 -0.3037449 2.5922239 -0.0779809 -0.2405096 0.1256983 0.9593092
1341848042.429737 3.3662901 -0.2664152 2.7882841 -0.0837595 -0.2426882 0.1287367 0.9578694
1341848042.590841 3.4035282 -0.2491686 2.9522712 -0.0936692 -0.2403161 0.1392939 0.9560708
1341848042.697779 3.4169507 -0.2180097 3.0736599 -0.0930260 -0.2398307 0.1482586 0.9549067
1341848042.729778 3.4210618 -0.2262351 3.0976489 -0.0957573 -0.2386899 0.1541255 0.9539932
1341848042.797954 3.4352136 -0.2224784 3.1305225 -0.0996011 -0.2362156 0.1588244 0.9534447
1341848042.829708 3.4373748 -0.2256037 3.1509032 -0.1025708 -0.2332007 0.1605618 0.9535810
1341848042.897767 3.4495010 -0.2224327 3.2435012 -0.1076089 -0.2317430 0.1646322 0.9526866
1341848042.929860 3.4490509 -0.2266202 3.2465286 -0.1092997 -0.2303756 0.1658109 0.9526213
1341848042.965708 3.4617119 -0.2287530 3.2748487 -0.1082672 -0.2292029 0.1670265 0.9528098
1341848042.997994 3.4697311 -0.2299956 3.2863278 -0.1098458 -0.2287959 0.1696370 0.9522656
1341848043.233861 3.5098834 -0.2251106 3.5108981 -0.1165355 -0.2332097 0.1732121 0.9497527
1341848043.301798 3.5316803 -0.1598908 3.5378184 -0.1148472 -0.2345299 0.1783616 0.9486796
1341848043.369819 3.5409229 -0.1586893 3.6367800 -0.1133658 -0.2377015 0.1796491 0.9478251
1341848043.401743 3.5436373 -0.1569029 3.6341195 -0.1127760 -0.2392981 0.1795751 0.9475077
1341848043.501696 3.5422969 -0.1652983 3.7547710 -0.1141477 -0.2444971 0.1838654 0.9451905
1341848043.537825 3.5423465 -0.1126916 3.8195019 -0.1094664 -0.2503704 0.1871901 0.9435527
1341848043.569664 3.5465860 -0.1117626 3.8378940 -0.1101999 -0.2512156 0.1891406 0.9428534
1341848043.601838 3.5479445 -0.1125040 3.8599708 -0.1121959 -0.2540691 0.1912547 0.9414259
1341848043.805817 3.4641519 -0.0562415 4.1483746 -0.1169792 -0.2693405 0.1997326 0.9348147
1341848043.969826 3.4510827 -0.0570130 4.3295097 -0.1124855 -0.2804535 0.1992309 0.9322017
1341848044.073762 3.4176588 -0.0460008 4.4250584 -0.1083754 -0.2878168 0.1987123 0.9305534
1341848044.305742 3.4249821 -0.0389943 4.6478472 -0.1119604 -0.3044986 0.1991246 0.9247134
1341848044.473716 3.4002116 -0.0580543 4.8005295 -0.1180397 -0.3052597 0.2050812 0.9224017
1341848044.573760 3.3493218 -0.0328213 4.8877730 -0.1223001 -0.2987206 0.2160938 0.9214728
1341848044.734774 3.3119264 -0.0303230 5.0340385 -0.1283593 -0.2925509 0.2331852 0.9184566
1341848044.902692 3.3379745 0.0069951 5.1929035 -0.1261702 -0.3014597 0.2468988 0.9122741
1341848045.170759 3.2514904 0.0540832 5.4634790 -0.1329043 -0.3257530 0.2518067 0.9015625
1341848045.438695 3.1184616 0.1678495 5.7107391 -0.1248473 -0.3515671 0.2555436 0.8919144
1341848045.706968 2.9078889 0.2612628 6.0016251 -0.1056675 -0.3901138 0.2573186 0.8777430
1341848045.942758 2.6451669 0.3316301 6.2576160 -0.0860145 -0.4295234 0.2561680 0.8616781
1341848046.219718 2.5610311 0.3459322 6.4827337 -0.0667000 -0.4819847 0.2309750 0.8425511
1341848046.417763 2.6421885 0.2999511 6.6514640 -0.0609072 -0.5233219 0.1984285 0.8264688
1341848046.915079 2.9817586 0.3753088 6.9989181 -0.0508674 -0.6128616 0.1627763 0.7715679
1341848047.114997 3.1862011 0.3809720 7.1377358 -0.0595867 -0.6414243 0.1459954 0.7508060
1341848047.147565 3.2096519 0.3802785 7.1313648 -0.0619190 -0.6448576 0.1440970 0.7480381
1341848047.250668 3.3257489 0.3734997 7.2212429 -0.0646844 -0.6617568 0.1342953 0.7347508
1341848047.350637 3.4370217 0.4011394 7.3591323 -0.0602742 -0.6827222 0.1246307 0.7174432
1341848047.414781 3.4989233 0.4102367 7.3746762 -0.0588963 -0.6942371 0.1223556 0.7068205
1341848047.450847 3.5233111 0.4243314 7.3898764 -0.0548467 -0.6991099 0.1210777 0.7025508
1341848047.518733 3.5763083 0.4220065 7.3872237 -0.0551900 -0.7077304 0.1173997 0.6944703
1341848047.550836 3.5971484 0.4339879 7.3896375 -0.0538453 -0.7118584 0.1171931 0.6903797
1341848047.750845 3.7406874 0.4322402 7.1327457 -0.0514701 -0.7148756 0.1151549 0.6877813
1341848047.818804 3.7679272 0.4403325 7.1362162 -0.0500640 -0.7210142 0.1132768 0.6817628
1341848047.850811 3.7791152 0.4429728 7.1382680 -0.0500420 -0.7223893 0.1113011 0.6806333
1341848047.918858 3.8153505 0.4452922 7.1440535 -0.0499553 -0.7274038 0.1126403 0.6750558
1341848047.954723 3.8206630 0.4464236 7.1489882 -0.0500189 -0.7300166 0.1117959 0.6723656
1341848047.986771 3.8282008 0.4540251 7.1525173 -0.0496870 -0.7311832 0.1122776 0.6710410
1341848048.018897 3.8522139 0.4513395 7.1580248 -0.0488342 -0.7341728 0.1133750 0.6676463
1341848048.118790 3.8935080 0.4621403 7.1645823 -0.0488647 -0.7398070 0.1130109 0.6614578
1341848048.154692 3.8994880 0.4629890 7.1748929 -0.0495201 -0.7421716 0.1144433 0.6585073
1341848048.186720 3.9147162 0.4617874 7.1745858 -0.0505499 -0.7424344 0.1141861 0.6581774
1341848048.690791 4.1767359 0.5127085 7.2903051 -0.0399045 -0.7655734 0.1426758 0.6260580
1341848048.722708 4.1788177 0.5082194 7.3178692 -0.0410659 -0.7681750 0.1444030 0.6223895
1341848048.858661 4.2464471 0.5148927 7.3393178 -0.0345172 -0.7740330 0.1533825 0.6133150
1341848048.891041 4.2604032 0.5224452 7.3558631 -0.0315717 -0.7759764 0.1550653 0.6105887
1341848048.926768 4.2766824 0.5145108 7.3971448 -0.0283762 -0.7795715 0.1556845 0.6059912
1341848048.958953 4.3263698 0.5326465 7.4003448 -0.0246875 -0.7817551 0.1581933 0.6026811
1341848048.990810 4.3208089 0.5281415 7.4117627 -0.0228510 -0.7846031 0.1605731 0.5984080
1341848049.026707 4.3242030 0.5334793 7.4081755 -0.0160657 -0.7863243 0.1629101 0.5957319
1341848049.090709 4.3871989 0.5396403 7.4214988 -0.0116865 -0.7892237 0.1660803 0.5911065
1341848049.126753 4.4131298 0.5531647 7.4255033 -0.0110750 -0.7920977 0.1692729 0.5863490
1341848049.158854 4.4225254 0.5488144 7.4327493 -0.0082751 -0.7936952 0.1685992 0.5844262
1341848049.194708 4.4322481 0.5471061 7.4404960 -0.0061119 -0.7949897 0.1695862 0.5824041
1341848049.226742 4.4695916 0.5556314 7.4435844 -0.0057435 -0.7974638 0.1691290 0.5791494
1341848049.426763 4.5788193 0.5714327 7.4755111 -0.0079305 -0.8066306 0.1713100 0.5656298
1341848049.462746 4.5927706 0.5753615 7.4816484 -0.0089477 -0.8075705 0.1708179 0.5644210
1341848049.494728 4.6159005 0.5814427 7.4888077 -0.0133457 -0.8088753 0.1744927 0.5613332
1341848049.526803 4.6362720 0.5844874 7.4907308 -0.0135495 -0.8095064 0.1757898 0.5600123
1341848049.562799 4.6659622 0.5933613 7.5043573 -0.0151246 -0.8105833 0.1747963 0.5587237
1341848049.594759 4.6837912 0.5975187 7.5136509 -0.0172559 -0.8133546 0.1753196 0.5544544
1341848049.626829 4.7239823 0.6066068 7.5131025 -0.0189236 -0.8151667 0.1757787 0.5515860
1341848049.662690 4.7374640 0.6050944 7.5283432 -0.0182480 -0.8171408 0.1722713 0.5497914
1341848049.695064 4.7730775 0.6001738 7.5429401 -0.0216584 -0.8202025 0.1705788 0.5456204
1341848049.730793 4.8179440 0.6082709 7.5605879 -0.0241012 -0.8246480 0.1703043 0.5388612
1341848049.762702 4.8555202 0.6202894 7.5732203 -0.0223843 -0.8279838 0.1666192 0.5349578
1341848049.794722 4.8620610 0.6212400 7.5829926 -0.0220700 -0.8305735 0.1643168 0.5316584
1341848049.830816 4.9049039 0.6222099 7.5881186 -0.0237955 -0.8340136 0.1629740 0.5265877
1341848049.869834 4.9452162 0.6375203 7.6032543 -0.0247114 -0.8379068 0.1602532 0.5211722
1341848049.898674 4.9535828 0.6283988 7.5968828 -0.0242281 -0.8400992 0.1561975 0.5188919
1341848049.930835 4.9570723 0.6301727 7.6307859 -0.0219608 -0.8439986 0.1561972 0.5126272
1341848049.963022 4.9931369 0.6298563 7.6657586 -0.0209465 -0.8484349 0.1529107 0.5062983
1341848049.998757 5.0099368 0.6359441 7.6644249 -0.0221943 -0.8511203 0.1512170 0.5022301
1341848050.030786 5.0248318 0.6402410 7.6752858 -0.0228665 -0.8545721 0.1502151 0.4966078
1341848050.062661 5.0181227 0.6387619 7.6799898 -0.0185413 -0.8580453 0.1483067 0.4913447
1341848050.098678 5.0554962 0.6438576 7.6994910 -0.0184472 -0.8605879 0.1452602 0.4877988
1341848050.130710 5.0365381 0.6373285 7.6944208 -0.0177459 -0.8644223 0.1433121 0.4815815
1341848050.166738 5.0590172 0.6498491 7.7038894 -0.0122912 -0.8671324 0.1397163 0.4779224
1341848050.198726 5.0709248 0.6436448 7.7270360 -0.0125272 -0.8697913 0.1361642 0.4740945
1341848050.298842 5.0680184 0.6442388 7.7468281 -0.0037010 -0.8797224 0.1265262 0.4583296
1341848050.366746 5.0916629 0.6448579 7.7630186 0.0003588 -0.8859680 0.1225369 0.4472644
1341848050.398693 5.0900416 0.6438919 7.7710819 0.0022500 -0.8893459 0.1191449 0.4414334
1341848050.434780 5.0734153 0.6364959 7.7855034 0.0040410 -0.8928018 0.1165674 0.4350869
1341848050.498791 5.0886559 0.6421404 7.7925415 0.0122799 -0.8980141 0.1129189 0.4250521
1341848050.534849 5.0840683 0.6464505 7.8009906 0.0160721 -0.9003550 0.1122538 0.4201209
1341848050.566840 5.1019583 0.6438200 7.8053980 0.0171807 -0.9029137 0.1114660 0.4147612
1341848050.598790 5.0952415 0.6376989 7.8178654 0.0190243 -0.9066612 0.1083960 0.4072516
1341848050.666816 5.0875640 0.6388557 7.8438420 0.0263034 -0.9122353 0.1067842 0.3946289
1341848050.702846 5.0835433 0.6317393 7.8627634 0.0282573 -0.9155904 0.1047848 0.3871899
1341848050.734789 5.0977583 0.6307576 7.8715663 0.0276117 -0.9184786 0.1046539 0.3803712
1341848050.802875 5.0776277 0.6259944 7.8831196 0.0329120 -0.9249321 0.1017501 0.3647800
1341848050.834769 5.0873981 0.6329969 7.9233389 0.0359083 -0.9275206 0.1011599 0.3580265
1341848050.902725 5.0483422 0.6176074 7.9436703 0.0417714 -0.9337983 0.0968398 0.3419035
1341848051.440006 5.0549388 0.6008092 8.1338367 0.0873071 -0.9578980 0.0985329 0.2551473
1341848051.538932 5.0542240 0.6110393 8.1502838 0.1007663 -0.9605959 0.0968899 0.2402375
1341848051.638863 5.0320611 0.5996214 8.1943903 0.1266910 -0.9624864 0.0958692 0.2199508
1341848051.774823 5.0249286 0.6270399 8.2583771 0.1448886 -0.9655103 0.0956603 0.1940267
1341848051.874951 4.9762077 0.6012887 8.3680639 0.1708216 -0.9643359 0.0909954 0.1805442
1341848051.942680 4.9778767 0.6082416 8.3888845 0.1795307 -0.9646951 0.0819305 0.1744120
1341848051.974762 4.9781590 0.6101087 8.3959045 0.1816595 -0.9643707 0.0797784 0.1749981
1341848052.110964 5.0585833 0.5958357 8.4358320 0.1896531 -0.9607770 0.0659056 0.1913000
1341848052.143014 5.0609455 0.6019080 8.4582329 0.1932665 -0.9597398 0.0654697 0.1930319
1341848052.379476 5.2069941 0.6204595 8.5696573 0.2056274 -0.9509811 0.0487847 0.2257707
1341848052.481496 5.2589216 0.6480064 8.6548672 0.2064787 -0.9483228 0.0467069 0.2363662
1341848052.512393 5.2574296 0.6691074 8.6859446 0.2065710 -0.9473637 0.0479058 0.2398654
1341848052.543277 5.2903776 0.6866056 8.6976185 0.2075201 -0.9462047 0.0493800 0.2432978
1341848052.646710 5.3071856 0.7234656 8.8044682 0.2179926 -0.9417229 0.0445466 0.2522949
1341848052.746833 5.3431244 0.7563335 8.9291229 0.2200347 -0.9393567 0.0401228 0.2599691
1341848053.146985 5.7552843 0.8548322 9.1462030 0.2003054 -0.9168618 0.0361973 0.3434121
1341848053.247961 5.8250713 0.8483979 9.1478662 0.1908794 -0.9110340 0.0377163 0.3635376
1341848053.386096 5.9844360 0.8596869 9.1539707 0.1757452 -0.9022248 0.0435524 0.3914170
1341848053.521747 6.1056056 0.8785079 9.1749010 0.1554888 -0.8951258 0.0440952 0.4154862
1341848053.689724 6.2657981 0.8797061 9.1523914 0.1194188 -0.8812907 0.0382945 0.4556307
1341848053.857784 6.3558526 0.8855835 9.1715460 0.0883818 -0.8655629 0.0443184 0.4909435
1341848054.019304 6.4578867 0.9137130 9.2155676 0.0576667 -0.8578403 0.0677135 0.5061616
1341848054.186687 6.6112118 0.9255583 9.3141508 0.0247295 -0.8593814 0.0743705 0.5052933
1341848054.387103 6.8541646 0.9871436 9.3631659 0.0205352 -0.8558218 0.0721534 0.5118019
1341848054.554861 6.9825826 1.0046554 9.4463997 0.0113111 -0.8565400 0.0718235 0.5109330
1341848054.922754 7.3455286 1.0951912 9.5260792 -0.0087870 -0.8388802 0.0980573 0.5353388
1341848055.090735 7.4917517 1.1264586 9.5635033 -0.0169230 -0.8313766 0.1124393 0.5439522
1341848055.190986 7.6184931 1.1598190 9.5837402 -0.0214927 -0.8265640 0.1184947 0.5498081
1341848055.226768 7.6558867 1.1708628 9.5966053 -0.0228762 -0.8262256 0.1222200 0.5494455
1341848055.258881 7.7191782 1.1784374 9.6001320 -0.0244749 -0.8256599 0.1213495 0.5504189
1341848055.294725 7.7540455 1.1774120 9.6094418 -0.0272159 -0.8256147 0.1209647 0.5504428
1341848055.326795 7.7830515 1.1940892 9.6245632 -0.0283107 -0.8257549 0.1234981 0.5496141
1341848055.358938 7.8332787 1.2073616 9.6345749 -0.0271854 -0.8255276 0.1225642 0.5502210
1341848055.394711 7.8649588 1.2153264 9.6391735 -0.0257693 -0.8241228 0.1202872 0.5528911
1341848055.426823 7.8772421 1.2178149 9.6415882 -0.0265854 -0.8229326 0.1197374 0.5547415
1341848055.458813 7.8775139 1.2178524 9.6417570 -0.0270815 -0.8220529 0.1202824 0.5559028
1341848055.494734 7.8791924 1.2176597 9.6419353 -0.0298959 -0.8211444 0.1196132 0.5572439
1341848055.526713 7.9284725 1.2442153 9.6530037 -0.0299275 -0.8199383 0.1194773 0.5590445
1341848055.562613 7.9945202 1.2489567 9.6772976 -0.0304156 -0.8189997 0.1200336 0.5602734
1341848055.594685 8.0492945 1.2488846 9.6800508 -0.0313728 -0.8170674 0.1186868 0.5633206
1341848055.626675 8.0812979 1.2539990 9.7038956 -0.0342321 -0.8165062 0.1176636 0.5641818
1341848055.662951 8.0956898 1.2619559 9.7092953 -0.0349981 -0.8164051 0.1179967 0.5642117
1341848055.694797 8.0979624 1.2611147 9.7090845 -0.0362223 -0.8148524 0.1171046 0.5665597
1341848055.726774 8.1512575 1.2578031 9.7027264 -0.0410186 -0.8099254 0.1137673 0.5739296
1341848055.762799 8.1797457 1.2571391 9.7283306 -0.0464131 -0.8097067 0.1157132 0.5734381
1341848055.794951 8.1864567 1.2554374 9.7402897 -0.0471650 -0.8099592 0.1163555 0.5728900
1341848055.830810 8.2026253 1.2666051 9.7412472 -0.0498387 -0.8070226 0.1181897 0.5764216
1341848055.862804 8.2073298 1.2664376 9.7427607 -0.0527804 -0.8051127 0.1216171 0.5781152
1341848055.894792 8.2133198 1.2681538 9.7426567 -0.0545742 -0.8038930 0.1246241 0.5790048
1341848055.930676 8.2190218 1.2698656 9.7421227 -0.0549980 -0.8026025 0.1259749 0.5804608
1341848055.962765 8.2185192 1.2693394 9.7428112 -0.0581703 -0.8020941 0.1285940 0.5802800
1341848055.994709 8.2182055 1.2689481 9.7433386 -0.0601015 -0.8018766 0.1292320 0.5802420
1341848056.030693 8.2306299 1.2730629 9.7429829 -0.0629085 -0.8022032 0.1286551 0.5796209
1341848056.062776 8.2369223 1.2743543 9.7420225 -0.0651004 -0.8020910 0.1295862 0.5793266
1341848056.098792 8.2353754 1.2739617 9.7426910 -0.0660213 -0.8022439 0.1299029 0.5789397
1341848056.130649 8.2361469 1.2743329 9.7432575 -0.0666442 -0.8023182 0.1305465 0.5786204
1341848056.162731 8.2526531 1.2772253 9.7410460 -0.0662065 -0.8026858 0.1311652 0.5780208
1341848056.198744 8.2475519 1.2779213 9.7429619 -0.0682414 -0.8049239 0.1338375 0.5740455
1341848056.230727 8.2510529 1.2766788 9.7422523 -0.0700768 -0.8067327 0.1338626 0.5712726
1341848056.263915 8.2417107 1.2695938 9.7483215 -0.0708515 -0.8095028 0.1328690 0.5674779
1341848056.298771 8.2383900 1.2742844 9.7455683 -0.0697513 -0.8112274 0.1335313 0.5649903
1341848056.330676 8.2613735 1.2804482 9.7418537 -0.0699807 -0.8123246 0.1323493 0.5636623
1341848056.366737 8.2439747 1.2755467 9.7312670 -0.0732039 -0.8137231 0.1338541 0.5608734
1341848056.398744 8.2578201 1.2743657 9.7314415 -0.0763251 -0.8166397 0.1350912 0.5558997
1341848056.430750 8.2827435 1.2841361 9.7259655 -0.0816496 -0.8192168 0.1322840 0.5520127
1341848056.466830 8.2925262 1.2719569 9.7175589 -0.0911115 -0.8215727 0.1287985 0.5478393
1341848056.498895 8.3268557 1.2764456 9.7135239 -0.0938665 -0.8241963 0.1268453 0.5438748
1341848056.534778 8.3424625 1.2661916 9.7312126 -0.0938446 -0.8273253 0.1210153 0.5404456
1341848056.566729 8.3566666 1.2530141 9.7518330 -0.1016851 -0.8300952 0.1191815 0.5351615
1341848056.598948 8.3872261 1.2655649 9.7488937 -0.1010280 -0.8318087 0.1210302 0.5322024
1341848056.634801 8.3446083 1.2432029 9.7957001 -0.1067650 -0.8386874 0.1165289 0.5211772
1341848056.766724 8.3802376 1.2626758 9.8073778 -0.1070412 -0.8505784 0.1102848 0.5028874
1341848056.902748 8.4225464 1.2777604 9.8357143 -0.1006664 -0.8592014 0.1034696 0.4908495
1341848057.538788 8.5503244 1.3420348 10.0810537 -0.1097079 -0.8757743 0.0626610 0.4658940
1341848057.606668 8.6186085 1.3362917 10.1093616 -0.1183426 -0.8745562 0.0561195 0.4669017
1341848057.638819 8.5200958 1.3655936 10.1426935 -0.1140844 -0.8765320 0.0544339 0.4644497
1341848057.838760 8.7665958 1.3718092 10.2145147 -0.1367601 -0.8723469 0.0539768 0.4662554
1341848059.214738 8.8035183 1.4804615 10.5821495 -0.1296875 -0.9039242 0.0822790 0.3991648
1341848060.050701 8.8028526 1.4845498 10.5754833 -0.1244745 -0.8836055 0.1197623 0.4352061
1341848060.086783 8.9173536 1.5246353 10.7099180 -0.1198440 -0.8890663 0.1210019 0.4249201
1341848060.757863 8.8356972 1.4525535 10.6101885 -0.0936716 -0.8777089 0.1288614 0.4519376
1341848060.862432 8.9012403 1.4781749 10.6761169 -0.0891530 -0.8835683 0.1313379 0.4405782
1341848060.895671 8.8507843 1.4615414 10.6356707 -0.0906506 -0.8830078 0.1325711 0.4410267
1341848061.100583 8.9037390 1.4691994 10.6222191 -0.0849749 -0.8843504 0.1391249 0.4374334
1341848061.197947 8.9154968 1.4762297 10.5879021 -0.0826094 -0.8798670 0.1517228 0.4427076
1341848061.226804 8.9095707 1.4743044 10.5842953 -0.0800341 -0.8790317 0.1561218 0.4433100
1341848061.326612 8.8751411 1.4909625 10.5497665 -0.0765998 -0.8758466 0.1665603 0.4464111
1341848061.358867 8.8697090 1.4728005 10.5210266 -0.0779154 -0.8732889 0.1684847 0.4504538
1341848061.390845 8.8931313 1.4790876 10.5456038 -0.0785012 -0.8735279 0.1703670 0.4491791
1341848061.426913 8.8811512 1.4852030 10.5414534 -0.0776594 -0.8732336 0.1717736 0.4493617
1341848061.458837 8.8785677 1.4821591 10.5314741 -0.0794586 -0.8716890 0.1724224 0.4517911
1341848061.494657 8.8774538 1.4718308 10.5311966 -0.0796620 -0.8707752 0.1733923 0.4531441
1341848061.558821 8.8661251 1.4718745 10.5240593 -0.0787755 -0.8698440 0.1731311 0.4551830
1341848061.626731 8.8724060 1.4702017 10.5190668 -0.0797711 -0.8678957 0.1761255 0.4575735
1341848061.726726 8.8616924 1.4646440 10.5030689 -0.0805130 -0.8652861 0.1758629 0.4624608
1341848061.762815 8.8616190 1.4641109 10.5032024 -0.0791711 -0.8649384 0.1737429 0.4641411
1341848061.826740 8.8609772 1.4649041 10.5011644 -0.0801671 -0.8636736 0.1750610 0.4658270
1341848061.862883 8.8647585 1.4634480 10.4996843 -0.0793230 -0.8638795 0.1725862 0.4665127
1341848061.894834 8.8524313 1.4586308 10.4964323 -0.0799326 -0.8639153 0.1713758 0.4667886
1341848061.962828 8.8522034 1.4575448 10.4944382 -0.0785665 -0.8641807 0.1702764 0.4669315
1341848061.997188 8.8372250 1.4513249 10.4883308 -0.0798520 -0.8647448 0.1693067 0.4660207
1341848062.030704 8.8436155 1.4510677 10.4873352 -0.0776964 -0.8656416 0.1673057 0.4654425
1341848062.094872 8.8324356 1.4468555 10.4812822 -0.0762811 -0.8671585 0.1644686 0.4638615
1341848062.130773 8.8202820 1.4411557 10.4739580 -0.0762429 -0.8681198 0.1632793 0.4624878
1341848062.198718 8.8044949 1.4451828 10.4707460 -0.0688859 -0.8700109 0.1612786 0.4607874
1341848062.262814 8.8346786 1.4458520 10.4672775 -0.0688681 -0.8723157 0.1586143 0.4573445
1341848062.299276 8.8263073 1.4420922 10.4681501 -0.0688592 -0.8738204 0.1566033 0.4551614
1341848062.330839 8.8064785 1.4476321 10.4671078 -0.0651275 -0.8751445 0.1547017 0.4538149
1341848062.362763 8.7924500 1.4357538 10.4566183 -0.0653628 -0.8751909 0.1552179 0.4535152
1341848062.398825 8.8002138 1.4450333 10.4688854 -0.0636632 -0.8771515 0.1554061 0.4498902
1341848062.430832 8.8137054 1.4325237 10.4633770 -0.0688114 -0.8765503 0.1558633 0.4501457
1341848062.466855 8.7897606 1.4421754 10.4639635 -0.0686668 -0.8784421 0.1561941 0.4463494
1341848062.498723 8.7821426 1.4393821 10.4666758 -0.0704882 -0.8795671 0.1570359 0.4435456
1341848062.530743 8.7825537 1.4396374 10.4536047 -0.0691376 -0.8797916 0.1558310 0.4437382
1341848062.566929 8.8002539 1.4203885 10.4463272 -0.0733635 -0.8786936 0.1549213 0.4455498
1341848062.598817 8.8009892 1.4268467 10.4500227 -0.0762096 -0.8790609 0.1577183 0.4433610
1341848062.666740 8.7613869 1.4306476 10.4137611 -0.0759866 -0.8797288 0.1561198 0.4426397
1341848062.734924 8.7699203 1.4293368 10.4063616 -0.0748054 -0.8791473 0.1596821 0.4427254
1341848062.766819 8.7689114 1.4295309 10.3981237 -0.0768759 -0.8786554 0.1585253 0.4437619
1341848062.798717 8.7550964 1.4431703 10.3708754 -0.0747029 -0.8777067 0.1613997 0.4449725
1341848062.866781 8.7564735 1.4382484 10.3684263 -0.0723571 -0.8791187 0.1576917 0.4439009
1341848062.934962 8.7512016 1.4294839 10.3521366 -0.0668253 -0.8797107 0.1561281 0.4441481
1341848063.034972 8.7160406 1.4109430 10.3307428 -0.0642733 -0.8809862 0.1528011 0.4431524
1341848063.066737 8.7237244 1.4151878 10.3349028 -0.0622552 -0.8817273 0.1512722 0.4424908
1341848063.102822 8.7202940 1.4147279 10.3334446 -0.0598794 -0.8818356 0.1517589 0.4424360
1341848063.135045 8.7223606 1.4133978 10.3325071 -0.0594644 -0.8820072 0.1525902 0.4418636
1341848063.170739 8.7254152 1.4161501 10.3339643 -0.0593201 -0.8831769 0.1513820 0.4399582
1341848063.202662 8.7086296 1.4038122 10.3190908 -0.0592023 -0.8833271 0.1504332 0.4399980
1341848063.234990 8.7111607 1.4054904 10.3193207 -0.0550654 -0.8832693 0.1501736 0.4407393
1341848063.270800 8.7066650 1.3990223 10.3092794 -0.0534523 -0.8825118 0.1489330 0.4428712
1341848063.302788 8.7086983 1.4011183 10.3119287 -0.0513098 -0.8824646 0.1476584 0.4436446
1341848063.334854 8.7139664 1.4038637 10.3099747 -0.0488719 -0.8832463 0.1465943 0.4427162
1341848063.370653 8.7128057 1.4027705 10.3087387 -0.0468014 -0.8831033 0.1428594 0.4444427
1341848063.402698 8.7091446 1.4007349 10.3065958 -0.0451995 -0.8823238 0.1402579 0.4469781
1341848063.439276 8.7028112 1.3973355 10.3032398 -0.0433175 -0.8822754 0.1380460 0.4479476
1341848063.470742 8.7070532 1.3984554 10.3036613 -0.0415702 -0.8821597 0.1352536 0.4491911
1341848063.502776 8.6974640 1.3922188 10.2995434 -0.0431030 -0.8811460 0.1305820 0.4524071
1341848063.541802 8.6858044 1.3897382 10.2565775 -0.0438477 -0.8790267 0.1330055 0.4557400
1341848063.577805 8.6904936 1.3898396 10.2553482 -0.0449586 -0.8787577 0.1330112 0.4561486
1341848063.609732 8.6819639 1.3849034 10.2522860 -0.0488804 -0.8783627 0.1300212 0.4573667
1341848063.643039 8.6687765 1.3784529 10.2483511 -0.0501503 -0.8788242 0.1303826 0.4562382
1341848063.677955 8.6659155 1.3762407 10.2473907 -0.0510055 -0.8793446 0.1283879 0.4557060
1341848063.709890 8.6615906 1.3739101 10.2458820 -0.0537008 -0.8801560 0.1237610 0.4551098
1341848063.745768 8.6424866 1.3656965 10.2354422 -0.0552502 -0.8809903 0.1227988 0.4535680
1341848063.777773 8.6433325 1.3720168 10.2177687 -0.0513344 -0.8806970 0.1213693 0.4549803
1341848063.877902 8.5956612 1.3604127 10.1904068 -0.0496393 -0.8809792 0.1204765 0.4548594
1341848063.977856 8.5406179 1.3473427 10.1392918 -0.0436719 -0.8781565 0.1264539 0.4592856
1341848064.013951 8.5317650 1.3432641 10.1263905 -0.0444351 -0.8780624 0.1271059 0.4592124
1341848064.045815 8.4916573 1.3363198 10.0972967 -0.0420646 -0.8780116 0.1293692 0.4589007
1341848064.081699 8.5091496 1.3492403 10.0790052 -0.0376405 -0.8766268 0.1327619 0.4609587
1341848064.181846 8.4199934 1.3445418 10.0418568 -0.0388621 -0.8758464 0.1367865 0.4611639
1341848064.249771 8.3945370 1.3383538 10.0016689 -0.0390897 -0.8715836 0.1378190 0.4688496
1341848064.282977 8.3535805 1.3213758 10.0060196 -0.0387364 -0.8719541 0.1406413 0.4673497
1341848064.313795 8.3290968 1.3010731 9.9894905 -0.0396783 -0.8706595 0.1402625 0.4697917
1341848064.349790 8.3258266 1.3002589 9.9836607 -0.0392564 -0.8689581 0.1398599 0.4730856
1341848064.382619 8.3301506 1.3087745 9.9856405 -0.0369915 -0.8672843 0.1420214 0.4756886
1341848064.418063 8.3391228 1.3146868 9.9802475 -0.0374715 -0.8655818 0.1426813 0.4785458
1341848064.449767 8.2946682 1.2863669 9.9567862 -0.0385298 -0.8641385 0.1397901 0.4819117
1341848064.481773 8.2988377 1.2935820 9.9377079 -0.0335867 -0.8615687 0.1409746 0.4865158
1341848064.518010 8.3077202 1.2973497 9.9267302 -0.0293687 -0.8586763 0.1422339 0.4915100
1341848064.549704 8.3104553 1.2981606 9.9258919 -0.0310358 -0.8574187 0.1436738 0.4931813
1341848064.581714 8.2919846 1.2889819 9.9237537 -0.0320211 -0.8569880 0.1467296 0.4929672
1341848064.617693 8.2828979 1.2841151 9.9222631 -0.0329703 -0.8563141 0.1501256 0.4930531
1341848064.649724 8.2885599 1.2878888 9.9201069 -0.0338735 -0.8550825 0.1522432 0.4944781
1341848064.685821 8.2829227 1.2824681 9.9150734 -0.0364341 -0.8545467 0.1530074 0.4949861
1341848064.749892 8.2889767 1.2881727 9.9163790 -0.0359682 -0.8533145 0.1531366 0.4971015
1341848064.778913 8.2937508 1.2929218 9.9166164 -0.0288513 -0.8536367 0.1503831 0.4978524
1341848064.810737 8.3106289 1.2986791 9.9106750 -0.0302778 -0.8531297 0.1522799 0.4980600
1341848064.842702 8.3020115 1.2932312 9.9090014 -0.0343692 -0.8532645 0.1525735 0.4974735
1341848064.878850 8.3034048 1.2968516 9.9094706 -0.0318889 -0.8529726 0.1524890 0.4981646
1341848064.910832 8.3019485 1.2966957 9.9091578 -0.0329433 -0.8536438 0.1540470 0.4964640
1341848064.946850 8.3071327 1.2986338 9.9089870 -0.0369406 -0.8539056 0.1541886 0.4956880
1341848064.978809 8.3153887 1.3016665 9.9072590 -0.0408570 -0.8527972 0.1571369 0.4963625
1341848065.010770 8.3266430 1.3130007 9.9065409 -0.0359278 -0.8519813 0.1565350 0.4983312
1341848065.046751 8.3320465 1.3131614 9.9058657 -0.0390288 -0.8512551 0.1563065 0.4994095
1341848065.078713 8.3411160 1.3160548 9.8912926 -0.0406555 -0.8504437 0.1573486 0.5003341
1341848065.110686 8.2841349 1.3089204 9.8542557 -0.0399005 -0.8496402 0.1581230 0.5015143
1341848065.146689 8.2470503 1.2895265 9.8356886 -0.0437916 -0.8484142 0.1575443 0.5034436
1341848065.178847 8.2428665 1.2905476 9.8303747 -0.0412753 -0.8474082 0.1607568 0.5043342
1341848065.214760 8.2528706 1.2924139 9.8278513 -0.0394781 -0.8462521 0.1622172 0.5059491
1341848065.246768 8.2436600 1.2805285 9.8210850 -0.0389779 -0.8462144 0.1580044 0.5073820
1341848065.278735 8.2140551 1.2901771 9.7894917 -0.0368933 -0.8446767 0.1598733 0.5095103
1341848065.314761 8.2232265 1.2728264 9.7855167 -0.0363576 -0.8438543 0.1599483 0.5108861
1341848065.346776 8.2367964 1.2799621 9.7839546 -0.0338908 -0.8432277 0.1585453 0.5125249
1341848065.382824 8.2330208 1.2784412 9.7749214 -0.0321511 -0.8416322 0.1596261 0.5149185
1341848065.414914 8.2351847 1.2790663 9.7737179 -0.0312086 -0.8410290 0.1597055 0.5159363
1341848065.446728 8.2486877 1.2870898 9.7705364 -0.0274083 -0.8399035 0.1598645 0.5179328
1341848065.482830 8.2549076 1.2880175 9.7680340 -0.0247505 -0.8378525 0.1608283 0.5210806
1341848065.514745 8.2562733 1.2920871 9.7630272 -0.0237497 -0.8364904 0.1617174 0.5230365
1341848065.546916 8.2634659 1.2961261 9.7611618 -0.0215209 -0.8359746 0.1616483 0.5239782
1341848065.582742 8.2745361 1.2996125 9.7597332 -0.0176821 -0.8347096 0.1611740 0.5262796
1341848065.614763 8.2857733 1.3032274 9.7583256 -0.0178779 -0.8335405 0.1621809 0.5278143
1341848065.650809 8.2872295 1.3037720 9.7579861 -0.0161688 -0.8334997 0.1619293 0.5280113
1341848065.682873 8.2876711 1.3037825 9.7576323 -0.0151251 -0.8335604 0.1627103 0.5277060
1341848065.714808 8.2853603 1.3023591 9.7581596 -0.0166467 -0.8333338 0.1635083 0.5277715
1341848065.750674 8.2642078 1.2916303 9.7586727 -0.0127514 -0.8346056 0.1591641 0.5271980
1341848065.782722 8.2645473 1.2921301 9.7584114 -0.0095705 -0.8365422 0.1567782 0.5249058
1341848065.814742 8.2675076 1.2940356 9.7580433 -0.0039934 -0.8375379 0.1520620 0.5247775
1341848065.850746 8.2538204 1.2899573 9.7589226 -0.0025131 -0.8387858 0.1508263 0.5231478
1341848065.882795 8.2447557 1.2850988 9.7604103 -0.0033969 -0.8417103 0.1491055 0.5189217
1341848065.918698 8.2667904 1.2763276 9.7485008 -0.0074606 -0.8447215 0.1469366 0.5145868
1341848065.950762 8.2861843 1.2768120 9.7364874 -0.0097031 -0.8461698 0.1422426 0.5134878
1341848065.982774 8.2783051 1.2750418 9.7375841 -0.0060976 -0.8487353 0.1389988 0.5101869
1341848066.018773 8.2958660 1.2786635 9.7333279 -0.0054697 -0.8502468 0.1371955 0.5081611
1341848066.050717 8.2790833 1.2676641 9.7314997 -0.0046105 -0.8516622 0.1320129 0.5071715
1341848066.082818 8.2771721 1.2808721 9.7182102 -0.0018621 -0.8522533 0.1297864 0.5067705
1341848066.118721 8.2861376 1.2866621 9.7198334 -0.0028318 -0.8543378 0.1310190 0.5029244
1341848066.150964 8.2938509 1.2577438 9.7071285 -0.0043798 -0.8553295 0.1269336 0.5022750
1341848066.186782 8.2908773 1.2699355 9.7066641 -0.0047001 -0.8555004 0.1264779 0.5020959
1341848066.218688 8.2968330 1.2700568 9.7062216 -0.0045499 -0.8569263 0.1257460 0.4998447
1341848066.250777 8.2811823 1.2682961 9.6926785 -0.0038797 -0.8570746 0.1263282 0.4994490
1341848066.286736 8.2766666 1.2598436 9.6775799 -0.0038617 -0.8561483 0.1253364 0.5012845
1341848066.318695 8.2778740 1.2605441 9.6757946 -0.0021764 -0.8562607 0.1256093 0.5010343
1341848066.354797 8.2775936 1.2714696 9.6521215 0.0003328 -0.8547746 0.1283856 0.5028693
1341848066.386761 8.2547398 1.2978268 9.6329718 0.0047334 -0.8533613 0.1303906 0.5047281
1341848066.418820 8.2488241 1.2960200 9.6296473 0.0066244 -0.8530242 0.1318805 0.5048896
1341848066.454695 8.2593784 1.2997992 9.6239100 0.0086830 -0.8529336 0.1338841 0.5044838
1341848066.486874 8.2564287 1.3012294 9.6291647 0.0112536 -0.8537691 0.1331658 0.5032085
1341848066.522806 8.2426891 1.2885537 9.6238222 0.0114297 -0.8541270 0.1306539 0.5032553
1341848066.555107 8.2372007 1.2867779 9.6214666 0.0154696 -0.8545904 0.1308804 0.5023009
1341848066.586881 8.2438011 1.2914730 9.6213789 0.0199081 -0.8548589 0.1295172 0.5020410
1341848066.623500 8.2428284 1.2912314 9.6181355 0.0243625 -0.8536536 0.1284576 0.5041634
1341848066.655239 8.2514687 1.2984380 9.6184750 0.0293819 -0.8533263 0.1290695 0.5042936
1341848066.697724 8.2555895 1.3008270 9.6153231 0.0333632 -0.8524119 0.1274490 0.5060017
1341848066.732527 8.2534256 1.3041852 9.6188526 0.0402723 -0.8511820 0.1278345 0.5074699
1341848066.764415 8.2594566 1.3129699 9.6110229 0.0462208 -0.8493791 0.1296687 0.5095143
1341848066.795253 8.2732239 1.3240926 9.6067686 0.0517980 -0.8468795 0.1300961 0.5130178
1341848066.833355 8.2638788 1.3198113 9.6044197 0.0588685 -0.8459647 0.1272217 0.5144832
1341848066.862103 8.2755165 1.3272825 9.6040516 0.0611293 -0.8450710 0.1276229 0.5155875
1341848066.905023 8.2985058 1.3394830 9.5969048 0.0585990 -0.8434033 0.1278505 0.5185473
1341848066.930221 8.2986946 1.3430262 9.5881767 0.0602162 -0.8434415 0.1273658 0.5184191
1341848066.997936 8.3263693 1.3606122 9.5853443 0.0632129 -0.8410155 0.1252603 0.5225008
1341848067.023497 8.3139763 1.3550706 9.5838490 0.0638374 -0.8411957 0.1254088 0.5220988
1341848067.054702 8.3189716 1.3594782 9.5882950 0.0691590 -0.8408806 0.1230117 0.5224988
1341848067.090940 8.3157053 1.3593011 9.5768585 0.0705256 -0.8385389 0.1220173 0.5262988
1341848067.122963 8.3026667 1.3622280 9.5980263 0.0728711 -0.8395644 0.1246074 0.5237312
1341848067.158821 8.3250790 1.3714691 9.6102104 0.0755590 -0.8388115 0.1256423 0.5243093
1341848067.191143 8.3259125 1.3667901 9.6127653 0.0755685 -0.8387001 0.1248919 0.5246652
1341848067.222948 8.3286619 1.3734422 9.6101704 0.0759544 -0.8386151 0.1265200 0.5243552
1341848067.258733 8.3310165 1.3767695 9.6097317 0.0779976 -0.8376663 0.1266188 0.5255466
1341848067.291049 8.3590546 1.3858337 9.5969448 0.0753091 -0.8357856 0.1279246 0.5286080
1341848067.322816 8.3512678 1.3777755 9.5982180 0.0707532 -0.8361040 0.1301679 0.5281860
1341848067.358674 8.3455172 1.3726976 9.5999222 0.0714304 -0.8362407 0.1288024 0.5282132
1341848067.390706 8.3632231 1.3743517 9.5776730 0.0655310 -0.8331216 0.1317601 0.5331542
1341848067.426869 8.3697901 1.3907664 9.5910034 0.0628759 -0.8330267 0.1346306 0.5329050
1341848067.458745 8.3811245 1.3929739 9.5858307 0.0607082 -0.8315301 0.1358492 0.5351796
1341848067.526659 8.3723145 1.3923039 9.5872459 0.0558667 -0.8298660 0.1362486 0.5381800
1341848067.558770 8.3852510 1.4008183 9.5878754 0.0561726 -0.8284943 0.1362720 0.5402517
1341848067.594659 8.3944702 1.4064028 9.5864620 0.0575161 -0.8262253 0.1342055 0.5440887
1341848067.626656 8.3877373 1.4025241 9.5868225 0.0584562 -0.8248257 0.1350301 0.5459051
1341848067.694893 8.4131422 1.4143288 9.5866756 0.0557434 -0.8217778 0.1402063 0.5494689
