1311867170.462290 0.0000000 0.0000000 0.0000000 -0.0000000 -0.0000000 -0.0000000 1.0000000
1311867170.626087 0.0054780 0.0059181 -0.0067124 -0.0010064 -0.0178593 -0.0008304 0.9998397
1311867170.662140 0.0059172 0.0064009 -0.0073977 -0.0009832 -0.0195118 -0.0024393 0.9998062
1311867170.762019 0.0085895 0.0075075 -0.0086903 -0.0012669 -0.0240965 -0.0058220 0.9996919
1311867170.826282 0.0085291 0.0091555 -0.0100929 0.0059144 -0.0293019 -0.0023927 0.9995503
1311867170.926352 0.0105017 0.0105401 -0.0104980 0.0167478 -0.0332069 -0.0042330 0.9992992
1311867171.062352 0.0118289 0.0151606 -0.0162334 0.0302019 -0.0358146 -0.0087633 0.9988635
1311867171.162247 0.0150157 0.0164501 -0.0198723 0.0379211 -0.0414697 -0.0046252 0.9984092
1311867171.362246 0.0109412 0.0171507 -0.0232849 0.0337751 -0.0151238 -0.0124827 0.9992371
1311867171.794171 0.0161209 0.0185503 -0.0287015 0.0348839 -0.0338466 -0.0195161 0.9986274
1311867172.026268 0.0222306 0.0113042 -0.0302969 0.0265371 -0.0551541 -0.0274602 0.9977474
1311867172.262228 0.0212022 0.0055668 -0.0249855 0.0097767 -0.0736478 -0.0217750 0.9969986
1311867172.526306 0.0243252 0.0042439 -0.0212924 0.0035062 -0.0884323 -0.0210407 0.9958538
1311867172.794451 0.0300215 0.0048867 -0.0220012 -0.0021340 -0.0968442 -0.0296239 0.9948563
1311867173.262202 0.0295270 0.0032382 -0.0190268 -0.0089894 -0.1163770 -0.0239347 0.9928760
1311867173.562437 0.0340399 0.0037997 -0.0175784 -0.0092469 -0.1311549 -0.0280155 0.9909229
1311867173.926697 0.0384016 0.0058016 -0.0144345 -0.0047553 -0.1480978 -0.0271932 0.9885874
1311867174.194398 0.0403035 0.0057575 -0.0170418 -0.0155957 -0.1522718 -0.0261066 0.9878708
1311867174.762376 0.0417163 0.0044376 -0.0138051 -0.0237197 -0.1750218 -0.0286951 0.9838604
1311867175.262467 0.0483190 0.0006198 -0.0122443 -0.0324192 -0.1938310 -0.0303114 0.9800305
1311867175.594664 0.0507616 0.0031297 -0.0102946 -0.0384159 -0.2042373 -0.0385673 0.9774067
1311867176.262502 0.0669000 0.0016534 0.0004299 -0.0340889 -0.2449687 -0.0340212 0.9683341
1311867176.726589 0.0656949 -0.0009723 -0.0014454 -0.0332437 -0.2566849 -0.0373632 0.9652004
1311867177.226473 0.0751641 -0.0013686 0.0055645 -0.0324858 -0.2882335 -0.0406291 0.9561461
1311867177.527617 0.0749168 -0.0038516 0.0061967 -0.0344460 -0.2969901 -0.0466340 0.9531189
1311867178.394944 0.0878556 -0.0052630 0.0143698 -0.0378641 -0.3391022 -0.0418296 0.9390560
1311867178.830950 0.0951181 -0.0071094 0.0182425 -0.0400302 -0.3546198 -0.0463104 0.9330047
1311867178.962761 0.0918745 -0.0053852 0.0182954 -0.0335295 -0.3407441 -0.0469280 0.9383853
1311867179.195685 0.0968951 -0.0081446 0.0203345 -0.0250791 -0.3456251 -0.0504137 0.9366819
1311867179.494947 0.1018054 -0.0085751 0.0233779 -0.0316297 -0.3728031 -0.0447751 0.9262897
1311867179.730947 0.0998096 -0.0103661 0.0226062 -0.0384093 -0.3772132 -0.0511260 0.9239162
1311867180.062647 0.1039038 -0.0116036 0.0267947 -0.0424281 -0.3906687 -0.0518147 0.9180921
1311867181.162904 0.0969629 -0.0102122 0.0182739 -0.0398199 -0.3627098 -0.0635587 0.9288791
1311867181.462831 0.0936488 -0.0105068 0.0155895 -0.0423800 -0.3562727 -0.0620600 0.9313551
1311867181.763477 0.0908517 -0.0085153 0.0103217 -0.0408381 -0.3433560 -0.0547163 0.9367204
1311867182.062900 0.0870463 -0.0068125 0.0069576 -0.0386382 -0.3340510 -0.0447495 0.9406990
1311867182.297304 0.0834780 -0.0065574 0.0045037 -0.0358761 -0.3252394 -0.0447368 0.9438913
1311867182.530950 0.0853142 -0.0056474 0.0032265 -0.0258935 -0.3169872 -0.0476628 0.9468775
1311867182.663572 0.0857584 -0.0064198 0.0014934 -0.0229097 -0.3114012 -0.0480140 0.9487882
1311867182.896985 0.0872804 -0.0055770 -0.0023577 -0.0203103 -0.3009232 -0.0467713 0.9522842
1311867183.167324 0.0791046 -0.0041823 -0.0066909 -0.0239841 -0.2856201 -0.0461099 0.9569325
1311867183.431155 0.0804420 -0.0037497 -0.0082567 -0.0185135 -0.2825656 -0.0511938 0.9577020
1311867183.631088 0.0781640 -0.0015588 -0.0098038 -0.0169307 -0.2746165 -0.0511967 0.9600406
1311867183.830907 0.0780305 -0.0020909 -0.0114100 -0.0171071 -0.2676501 -0.0525394 0.9619306
1311867184.096811 0.0727494 -0.0015324 -0.0134304 -0.0144789 -0.2571973 -0.0521634 0.9648414
1311867184.331470 0.0675625 -0.0006415 -0.0138651 -0.0148240 -0.2474087 -0.0528173 0.9673570
1311867184.597993 0.0650654 -0.0007901 -0.0187666 -0.0145975 -0.2353663 -0.0530211 0.9703496
1311867184.769022 0.0617391 0.0010498 -0.0219561 -0.0099715 -0.2263392 -0.0524066 0.9725866
1311867184.933218 0.0589357 0.0050540 -0.0224592 -0.0070481 -0.2178504 -0.0515432 0.9745948
1311867185.065223 0.0591755 0.0018425 -0.0230584 -0.0083663 -0.2135917 -0.0522503 0.9754888
1311867185.266332 0.0551925 0.0009094 -0.0217203 -0.0097250 -0.2048879 -0.0497700 0.9774709
1311867185.465497 0.0544317 0.0026172 -0.0237828 -0.0082813 -0.1988084 -0.0484652 0.9788043
1311867186.095284 0.0417287 0.0092414 -0.0184585 -0.0047313 -0.1718781 -0.0581127 0.9833913
1311867186.436010 0.0330957 0.0077785 -0.0180121 -0.0101407 -0.1596445 -0.0652519 0.9849635
1311867187.063280 0.0232652 0.0034371 -0.0226948 -0.0308521 -0.1216022 -0.0492262 0.9908773
1311867187.363171 0.0244375 0.0037434 -0.0212268 -0.0394630 -0.1126187 -0.0542483 0.9913712
1311867187.963534 0.0106506 0.0055774 -0.0334277 -0.0426737 -0.0964554 -0.0669328 0.9921670
1311867188.731585 0.0088942 0.0011432 -0.0454555 -0.0230889 -0.0605093 -0.0585481 0.9961815
1311867189.431458 -0.0066520 -0.0000153 -0.0449200 -0.0035017 -0.0015713 -0.0439382 0.9990269
1311867189.699784 -0.0162978 0.0041747 -0.0538901 0.0039003 0.0193822 -0.0514889 0.9984779
1311867189.931364 -0.0181638 0.0068489 -0.0557138 -0.0034442 0.0322327 -0.0549892 0.9979606
1311867190.199492 -0.0241789 0.0073684 -0.0546276 0.0053943 0.0471358 -0.0564242 0.9972790
1311867190.563353 -0.0250794 0.0085160 -0.0599198 0.0055678 0.0592270 -0.0508873 0.9969311
1311867190.931647 -0.0287910 0.0099457 -0.0597140 0.0044055 0.0713733 -0.0551224 0.9959157
1311867191.199389 -0.0281977 0.0162204 -0.0620711 0.0090409 0.0793465 -0.0595748 0.9950243
1311867191.463414 -0.0349017 0.0127514 -0.0571880 0.0029650 0.0955219 -0.0612019 0.9935398
1311867191.699573 -0.0365058 0.0129410 -0.0562785 -0.0004302 0.1005987 -0.0619421 0.9929969
1311867191.899623 -0.0371438 0.0131734 -0.0536747 -0.0038318 0.1037431 -0.0617304 0.9926792
1311867192.299473 -0.0430989 0.0188130 -0.0514329 0.0006785 0.1178448 -0.0622566 0.9910784
1311867192.531620 -0.0431732 0.0192059 -0.0505676 0.0061123 0.1287535 -0.0645949 0.9895517
1311867192.999714 -0.0460239 0.0203909 -0.0511522 0.0046307 0.1420297 -0.0679379 0.9875174
1311867193.363678 -0.0511858 0.0195765 -0.0466567 0.0004797 0.1531826 -0.0644761 0.9860922
1311867193.799691 -0.0535400 0.0205206 -0.0441561 0.0015688 0.1681955 -0.0668528 0.9834828
1311867194.031689 -0.0588423 0.0232997 -0.0468339 0.0046912 0.1781105 -0.0673122 0.9816943
1311867194.531606 -0.0565776 0.0222184 -0.0439234 0.0027900 0.1832666 -0.0695621 0.9805951
1311867194.831891 -0.0571543 0.0218503 -0.0430931 -0.0008964 0.1858882 -0.0684298 0.9801848
1311867196.867749 -0.0404796 0.0193581 -0.0487206 -0.0058253 0.1278536 -0.0639937 0.9897093
1311867197.599910 -0.0272027 0.0126631 -0.0417863 -0.0111197 0.0980072 -0.0668680 0.9928744
1311867197.932046 -0.0269730 0.0129292 -0.0444990 -0.0146685 0.0912475 -0.0710906 0.9931791
1311867198.467921 -0.0289490 0.0127258 -0.0457270 -0.0142713 0.0750800 -0.0689936 0.9946855
1311867198.899855 -0.0213056 0.0102043 -0.0473349 -0.0168963 0.0579767 -0.0673082 0.9959030
1311867199.167891 -0.0247308 0.0102626 -0.0512615 -0.0173555 0.0651089 -0.0559690 0.9961562
1311867199.500181 -0.0203773 0.0046564 -0.0532756 -0.0175578 0.0582946 -0.0514560 0.9968178
1311867200.068006 -0.0150905 0.0082192 -0.0539129 -0.0140522 0.0292610 -0.0572772 0.9978305
1311867204.500277 0.0097135 0.0128036 -0.0594806 0.0404452 -0.0727030 -0.0822478 0.9931333
1311867204.632418 0.0078678 0.0138734 -0.0612667 0.0478687 -0.0699612 -0.0800592 0.9931790
1311867204.936363 0.0084408 0.0156002 -0.0584624 0.0560315 -0.0702992 -0.0712226 0.9934011
1311867205.000335 0.0105906 0.0205537 -0.0593125 0.0628415 -0.0705201 -0.0682038 0.9931899
1311867205.136301 0.0102957 0.0205026 -0.0578222 0.0657948 -0.0707152 -0.0614620 0.9934248
1311867205.236444 0.0090764 0.0241375 -0.0580740 0.0723875 -0.0702527 -0.0563855 0.9933002
1311867205.368439 0.0120311 0.0262545 -0.0577693 0.0796875 -0.0700493 -0.0547002 0.9928499
1311867205.700293 0.0137365 0.0284731 -0.0520423 0.0907734 -0.0771238 -0.0550857 0.9913515
1311867205.868513 0.0159641 0.0341754 -0.0518721 0.1032287 -0.0787289 -0.0565728 0.9899218
1311867206.168280 0.0161494 0.0372603 -0.0512597 0.1077567 -0.0795955 -0.0542788 0.9894983
1311867206.268562 0.0171400 0.0375755 -0.0530122 0.1084207 -0.0824533 -0.0534001 0.9892395
1311867206.568318 0.0156381 0.0402435 -0.0508753 0.1139030 -0.0843205 -0.0547905 0.9883897
1311867206.800520 0.0168843 0.0432100 -0.0499376 0.1237583 -0.0887652 -0.0528180 0.9869219
1311867207.036586 0.0185890 0.0466651 -0.0501928 0.1367976 -0.0921824 -0.0533538 0.9848565
1311867207.400698 0.0189398 0.0490565 -0.0489554 0.1436556 -0.0967579 -0.0519896 0.9835131
1311867207.636491 0.0214737 0.0512973 -0.0496970 0.1518988 -0.0996172 -0.0590107 0.9815910
1311867208.268440 0.0246272 0.0578340 -0.0497120 0.1768896 -0.1094256 -0.0605598 0.9762523
1311867209.168676 0.0256769 0.0625131 -0.0498550 0.1959408 -0.1137307 -0.0600632 0.9721445
1311867209.900669 0.0278259 0.0669890 -0.0470537 0.2174712 -0.1247540 -0.0560452 0.9664376
1311867212.800808 0.0309584 0.0643144 -0.0571972 0.2097254 -0.1187622 -0.0513017 0.9691640
1311867213.668995 0.0338150 0.0630495 -0.0652604 0.2053910 -0.1131657 -0.0534381 0.9706454
1311867214.537369 0.0330387 0.0568805 -0.0697056 0.1847406 -0.0957417 -0.0593977 0.9763075
1311867215.136914 0.0306335 0.0512830 -0.0723199 0.1639747 -0.0898277 -0.0582317 0.9806387
1311867215.469090 0.0272657 0.0469161 -0.0740746 0.1520664 -0.0850202 -0.0610579 0.9828120
1311867215.637055 0.0293160 0.0487516 -0.0765240 0.1480999 -0.0819276 -0.0621161 0.9836137
1311867218.071085 0.0141832 0.0151938 -0.0777227 0.0617556 -0.0672947 -0.0601636 0.9940010
1311867218.973161 0.0131129 0.0057635 -0.0728900 0.0350036 -0.0654615 -0.0760608 0.9943361
1311867219.205245 0.0118428 0.0040528 -0.0693241 0.0235018 -0.0628362 -0.0741674 0.9949867
1311867219.405197 0.0124280 0.0011825 -0.0667772 0.0152123 -0.0639363 -0.0745523 0.9950491
1311867220.042194 0.0092988 0.0004086 -0.0645892 -0.0010293 -0.0486896 -0.0729677 0.9961446
1311867220.171409 0.0130447 -0.0006365 -0.0643110 -0.0075156 -0.0514137 -0.0733843 0.9959493
1311867220.342053 0.0078916 -0.0028008 -0.0640978 -0.0141096 -0.0485185 -0.0754468 0.9958688
1311867220.541975 0.0123537 -0.0014016 -0.0647338 -0.0199802 -0.0513553 -0.0733073 0.9957858
1311867221.072099 0.0086398 -0.0067388 -0.0653502 -0.0230087 -0.0502590 -0.0742369 0.9957076
1311867221.539675 0.0061792 -0.0078987 -0.0693859 -0.0317616 -0.0473979 -0.0732251 0.9956821
1311867222.443636 0.0092194 -0.0228715 -0.0709570 -0.0789916 -0.0532492 -0.0850152 0.9918151
1311867222.540167 0.0089533 -0.0229314 -0.0708725 -0.0864949 -0.0538001 -0.0860190 0.9910726
1311867222.669574 0.0076302 -0.0237816 -0.0684868 -0.0926799 -0.0553392 -0.0803252 0.9909066
1311867222.809321 0.0066179 -0.0238167 -0.0671726 -0.0948114 -0.0579932 -0.0752417 0.9909523
1311867223.109412 0.0056851 -0.0236490 -0.0661831 -0.0958754 -0.0587112 -0.0684470 0.9913001
1311867223.208002 0.0055585 -0.0267252 -0.0649731 -0.1007210 -0.0587741 -0.0681588 0.9908357
1311867223.776066 0.0036629 -0.0289792 -0.0640372 -0.1201723 -0.0597436 -0.0629564 0.9889519
1311867224.037596 0.0057908 -0.0366410 -0.0662192 -0.1374922 -0.0550814 -0.0654110 0.9868047
1311867224.585912 0.0050646 -0.0476241 -0.0692090 -0.1374885 -0.0453040 -0.0678988 0.9871344
1311867224.837824 0.0068064 -0.0494048 -0.0697182 -0.1426542 -0.0459686 -0.0710939 0.9861452
1311867225.079869 0.0054306 -0.0518273 -0.0686782 -0.1504197 -0.0441280 -0.0674548 0.9853306
1311867225.205557 0.0074015 -0.0540295 -0.0669457 -0.1571634 -0.0441718 -0.0669586 0.9843095
1311867225.337676 0.0063614 -0.0552321 -0.0674745 -0.1576737 -0.0418080 -0.0648459 0.9844725
1311867225.605520 0.0075829 -0.0575615 -0.0685960 -0.1530483 -0.0464978 -0.0641625 0.9850367
1311867225.805618 0.0090857 -0.0580266 -0.0701766 -0.1436853 -0.0518007 -0.0719771 0.9856422
1311867226.537741 0.0073359 -0.0679124 -0.0779227 -0.1652478 -0.0611109 -0.0609384 0.9824690
1311867226.805637 0.0092028 -0.0681296 -0.0814769 -0.1685982 -0.0614416 -0.0649457 0.9816220
1311867226.905774 0.0120407 -0.0598501 -0.0777975 -0.1627434 -0.0674484 -0.0613325 0.9824478
1311867227.073659 0.0083417 -0.0713260 -0.0788217 -0.1788324 -0.0647332 -0.0625636 0.9797522
1311867227.337747 0.0088546 -0.0753302 -0.0791174 -0.1891642 -0.0642213 -0.0619922 0.9778801
1311867228.137844 0.0099622 -0.0769256 -0.0764702 -0.2058352 -0.0621214 -0.0617254 0.9746603
1311867228.173814 0.0080796 -0.0755480 -0.0750400 -0.2066731 -0.0583175 -0.0624435 0.9746724
1311867228.437784 0.0058027 -0.0835299 -0.0770287 -0.2155203 -0.0586272 -0.0599688 0.9728914
1311867229.205881 0.0075953 -0.0748831 -0.0813497 -0.1816262 -0.0603359 -0.0616039 0.9795797
1311867229.273846 0.0061797 -0.0732422 -0.0839954 -0.1752865 -0.0585348 -0.0582195 0.9810499
1311867229.373891 0.0074357 -0.0766206 -0.0837974 -0.1761024 -0.0633328 -0.0526989 0.9809178
1311867229.405824 0.0083298 -0.0761724 -0.0839513 -0.1756663 -0.0634933 -0.0521352 0.9810157
1311867229.505914 0.0084279 -0.0710064 -0.0848454 -0.1671736 -0.0645948 -0.0507555 0.9824991
1311867230.506080 0.0105419 -0.0633578 -0.0935133 -0.1195059 -0.0742263 -0.0532455 0.9886221
1311867231.074099 0.0116399 -0.0612946 -0.0986857 -0.1127907 -0.0794511 -0.0506541 0.9891410
1311867232.006124 0.0082498 -0.0549508 -0.0994828 -0.0886284 -0.0806050 -0.0457870 0.9917416
1311867232.874052 0.0161443 -0.0475621 -0.1024618 -0.0676264 -0.0941127 -0.0402630 0.9924456
1311867234.506308 0.0172286 -0.0312374 -0.0988021 -0.0147697 -0.1052702 -0.0484729 0.9931518
1311867236.606288 0.0219701 -0.0191225 -0.0880124 -0.0010133 -0.1025790 -0.0443239 0.9937364
1311867237.042352 0.0174522 -0.0179055 -0.0761267 -0.0066917 -0.1002901 -0.0454517 0.9938970
1311867237.142401 0.0163931 -0.0206140 -0.0744578 -0.0134960 -0.1012500 -0.0443394 0.9937808
1311867237.606410 0.0148287 -0.0200452 -0.0695959 -0.0169884 -0.0995320 -0.0500587 0.9936292
1311867237.674412 0.0135366 -0.0184145 -0.0676844 -0.0152624 -0.0995049 -0.0509606 0.9936141
1311867237.906433 0.0103867 -0.0196424 -0.0593116 -0.0210108 -0.0965000 -0.0537896 0.9936564
1311867238.106429 0.0099697 -0.0184085 -0.0560244 -0.0192580 -0.0961215 -0.0547831 0.9936743
1311867238.306377 0.0079217 -0.0181295 -0.0533823 -0.0218057 -0.0916090 -0.0530504 0.9941418
1311867238.642378 0.0045894 -0.0188805 -0.0459082 -0.0216072 -0.0874954 -0.0531433 0.9945117
1311867238.742522 0.0029639 -0.0203576 -0.0415423 -0.0247414 -0.0863640 -0.0519635 0.9945999
1311867238.906451 -0.0005962 -0.0192262 -0.0403541 -0.0287389 -0.0827814 -0.0527759 0.9947543
1311867239.206507 0.0015060 -0.0183878 -0.0385341 -0.0253028 -0.0835971 -0.0514139 0.9948507
1311867239.374562 -0.0018955 -0.0130689 -0.0592952 -0.0159770 -0.0713340 -0.0474949 0.9961930
1311867239.542637 -0.0033088 -0.0075684 -0.0546226 -0.0069465 -0.0675118 -0.0454929 0.9966565
1311867239.906569 -0.0018769 -0.0067196 -0.0425999 -0.0110914 -0.0690607 -0.0456874 0.9965040
1311867240.106559 -0.0034335 -0.0071912 -0.0346758 -0.0141634 -0.0704725 -0.0459407 0.9963546
1311867240.142844 -0.0037712 -0.0083732 -0.0341268 -0.0156963 -0.0685795 -0.0453673 0.9964900
1311867240.274677 -0.0052170 -0.0084063 -0.0273256 -0.0168607 -0.0661779 -0.0451409 0.9966437
1311867240.442598 -0.0094802 -0.0075825 -0.0209416 -0.0142978 -0.0666833 -0.0476532 0.9965330
1311867240.606557 -0.0134644 -0.0064126 -0.0152187 -0.0111049 -0.0693125 -0.0533126 0.9961075
1311867241.006716 -0.0166482 -0.0078440 -0.0041971 -0.0203773 -0.0750242 -0.0560048 0.9953992
1311867241.442620 -0.0196391 -0.0081309 0.0107317 -0.0195270 -0.0728280 -0.0572370 0.9955093
1311867243.274872 -0.0239980 -0.0000519 0.0561255 -0.0273622 -0.0643795 -0.0429919 0.9966235
1311867243.543026 -0.0265899 0.0007403 0.0621789 -0.0294483 -0.0615770 -0.0378771 0.9969485
1311867243.842825 -0.0291977 0.0008587 0.0681481 -0.0318969 -0.0552239 -0.0345633 0.9973657
1311867244.110737 -0.0274497 0.0017101 0.0783374 -0.0312343 -0.0536836 -0.0321079 0.9975528
1311867244.442939 -0.0278852 0.0076521 0.0931964 -0.0291698 -0.0551800 -0.0290193 0.9976283
1311867244.942839 -0.0335448 0.0099834 0.1116439 -0.0340963 -0.0390879 -0.0280522 0.9982598
1311867245.142920 -0.0361903 0.0128649 0.1208905 -0.0342950 -0.0357078 -0.0261186 0.9984321
1311867245.475145 -0.0434670 0.0045306 0.1370551 -0.0430232 -0.0306114 -0.0277096 0.9982205
1311867245.675175 -0.0500613 0.0046968 0.1479790 -0.0453955 -0.0262788 -0.0296649 0.9981827
1311867246.011242 -0.0560192 0.0010006 0.1609878 -0.0497767 -0.0256641 -0.0331036 0.9978817
1311867246.174981 -0.0587159 -0.0005925 0.1687371 -0.0580879 -0.0255048 -0.0377426 0.9972717
1311867246.375297 -0.0631060 -0.0038606 0.1799692 -0.0706701 -0.0214726 -0.0403241 0.9964530
1311867246.743305 -0.0623563 0.0008079 0.1913532 -0.0698702 -0.0227077 -0.0378599 0.9965788
1311867247.277719 -0.0587701 0.0050059 0.1904540 -0.0608047 -0.0262823 -0.0358844 0.9971582
1311867247.475103 -0.0621369 0.0049530 0.1891079 -0.0559592 -0.0293984 -0.0368047 0.9973213
1311867247.711237 -0.0585738 0.0017233 0.1768971 -0.0463308 -0.0301553 -0.0396620 0.9976829
1311867247.843889 -0.0549362 0.0035728 0.1678516 -0.0415855 -0.0264407 -0.0402828 0.9979724
1311867248.010991 -0.0509557 0.0062312 0.1597503 -0.0360094 -0.0275341 -0.0430632 0.9980435
1311867248.175750 -0.0500925 0.0060868 0.1514131 -0.0316514 -0.0269586 -0.0428378 0.9982166
1311867248.311223 -0.0504878 0.0055539 0.1468935 -0.0297745 -0.0256125 -0.0433948 0.9982857
1311867248.443137 -0.0462959 0.0059701 0.1387744 -0.0334447 -0.0264346 -0.0408160 0.9982569
1311867248.643245 -0.0458877 0.0079338 0.1305469 -0.0339447 -0.0255483 -0.0408839 0.9982603
1311867248.843319 -0.0338204 0.0085074 0.1175725 -0.0360754 -0.0356786 -0.0403396 0.9978970
1311867249.112055 -0.0308463 0.0090817 0.1004673 -0.0342068 -0.0296667 -0.0424222 0.9980732
1311867249.343725 -0.0251043 0.0072901 0.0880330 -0.0336957 -0.0257815 -0.0457743 0.9980504
1311867249.675103 -0.0287664 0.0020608 0.0722542 -0.0374363 -0.0206788 -0.0478028 0.9979408
1311867249.811149 -0.0304327 -0.0005689 0.0685621 -0.0420785 -0.0185416 -0.0493261 0.9977237
1311867249.843325 -0.0318226 -0.0014736 0.0691694 -0.0444268 -0.0169527 -0.0498112 0.9976261
1311867249.943277 -0.0299681 -0.0055296 0.0630040 -0.0497949 -0.0181329 -0.0513723 0.9972726
1311867250.043427 -0.0304866 -0.0054866 0.0619212 -0.0498859 -0.0174975 -0.0491995 0.9973889
1311867250.311441 -0.0336322 -0.0026458 0.0526330 -0.0464745 -0.0138128 -0.0505220 0.9975454
1311867250.444170 -0.0341695 -0.0033004 0.0499775 -0.0475948 -0.0126449 -0.0504920 0.9975096
1311867250.479325 -0.0345557 -0.0031458 0.0493020 -0.0488157 -0.0112489 -0.0499674 0.9974937
1311867250.679554 -0.0362669 -0.0018936 0.0454885 -0.0459038 -0.0076903 -0.0479265 0.9977659
1311867250.744545 -0.0364232 -0.0019747 0.0458623 -0.0448145 -0.0061434 -0.0471081 0.9978651
1311867250.843347 -0.0364469 -0.0018059 0.0455710 -0.0435285 -0.0067628 -0.0473644 0.9979059
1311867250.879276 -0.0365971 -0.0016916 0.0450298 -0.0424010 -0.0066997 -0.0470935 0.9979677
1311867251.313387 -0.0370677 -0.0012559 0.0432343 -0.0398544 -0.0083232 -0.0461235 0.9981057
1311867251.411345 -0.0370631 -0.0012135 0.0430741 -0.0385295 -0.0097885 -0.0461136 0.9981449
1311867251.543175 -0.0370037 -0.0012074 0.0430236 -0.0374719 -0.0104141 -0.0471017 0.9981326
1311867251.743499 -0.0369680 -0.0011969 0.0428925 -0.0383255 -0.0102773 -0.0488789 0.9980162
1311867251.980011 -0.0373390 -0.0010302 0.0418718 -0.0392441 -0.0128770 -0.0475389 0.9980151
1311867252.079454 -0.0378633 -0.0003937 0.0398117 -0.0392683 -0.0132806 -0.0464264 0.9980612
1311867252.279411 -0.0378918 -0.0001790 0.0391243 -0.0352387 -0.0148980 -0.0495061 0.9980408
1311867252.411197 -0.0377235 -0.0000050 0.0387674 -0.0299822 -0.0227237 -0.0467996 0.9981956
1311867252.445597 -0.0376683 0.0000413 0.0386670 -0.0290614 -0.0240826 -0.0471506 0.9981745
1311867252.511225 -0.0374374 0.0002347 0.0382378 -0.0266246 -0.0260679 -0.0474323 0.9981792
1311867252.643277 -0.0373748 0.0003612 0.0380281 -0.0238615 -0.0285433 -0.0473847 0.9981837
1311867252.911219 -0.0369848 0.0004832 0.0376381 -0.0224991 -0.0395616 -0.0437218 0.9980066
1311867253.043431 -0.0368265 0.0007494 0.0371706 -0.0234723 -0.0444105 -0.0450082 0.9977229
1311867253.179405 -0.0368607 0.0008123 0.0370456 -0.0225252 -0.0446921 -0.0459048 0.9976913
1311867253.344521 -0.0385829 0.0018519 0.0335184 -0.0225104 -0.0439674 -0.0456279 0.9977366
1311867253.412926 -0.0379236 0.0019389 0.0337760 -0.0220440 -0.0448753 -0.0460262 0.9976882
1311867253.480478 -0.0384286 0.0023705 0.0310157 -0.0234571 -0.0429863 -0.0462701 0.9977279
1311867253.679979 -0.0377946 0.0023860 0.0321038 -0.0244228 -0.0400698 -0.0498991 0.9976513
1311867253.811301 -0.0375010 0.0025869 0.0305576 -0.0217569 -0.0454195 -0.0484840 0.9975535
1311867253.879206 -0.0381363 0.0034054 0.0289825 -0.0183594 -0.0476977 -0.0469428 0.9975892
1311867254.246904 -0.0378975 0.0037368 0.0253018 -0.0032381 -0.0541088 -0.0457938 0.9974791
1311867254.311463 -0.0373675 0.0040870 0.0241786 -0.0054439 -0.0514152 -0.0462460 0.9975912
1311867254.379449 -0.0371129 0.0042564 0.0236266 -0.0031415 -0.0504331 -0.0474935 0.9975926
1311867254.448323 -0.0367619 0.0044639 0.0228898 -0.0031694 -0.0506872 -0.0483500 0.9975385
1311867254.511443 -0.0350925 0.0057867 0.0191656 0.0008664 -0.0559399 -0.0466162 0.9973449
1311867254.711323 -0.0320173 0.0068505 0.0079035 0.0024972 -0.0631934 -0.0459091 0.9969417
1311867254.779465 -0.0316345 0.0075672 0.0051851 0.0036592 -0.0623251 -0.0457369 0.9970007
1311867254.848265 -0.0308837 0.0088534 0.0021867 0.0055512 -0.0629240 -0.0449302 0.9969910
1311867254.913881 -0.0289197 0.0123161 -0.0003454 0.0088762 -0.0634938 -0.0446355 0.9969441
1311867255.183783 -0.0291833 0.0065560 -0.0093967 0.0090250 -0.0624669 -0.0450439 0.9969892
1311867255.245906 -0.0292532 0.0067953 -0.0108016 0.0091312 -0.0625349 -0.0447133 0.9969989
1311867255.313847 -0.0294197 0.0064605 -0.0127648 0.0103314 -0.0631195 -0.0448177 0.9969456
1311867255.479482 -0.0244477 0.0065102 -0.0180392 0.0148194 -0.0620257 -0.0444095 0.9969760
1311867255.545730 -0.0240349 0.0066200 -0.0211636 0.0145541 -0.0594530 -0.0438758 0.9971602
1311867255.645642 -0.0231000 0.0067281 -0.0257459 0.0154857 -0.0572034 -0.0434684 0.9972956
1311867255.817593 -0.0208590 0.0063135 -0.0294297 0.0114896 -0.0566545 -0.0436949 0.9973711
1311867255.879379 -0.0211378 0.0058810 -0.0332075 0.0092673 -0.0568720 -0.0439091 0.9973724
1311867256.145219 -0.0213767 0.0066231 -0.0371349 0.0083541 -0.0626747 -0.0458086 0.9969472
1311867256.217737 -0.0222739 0.0068984 -0.0415460 0.0102317 -0.0667366 -0.0488790 0.9965202
1311867256.384803 -0.0216765 0.0086202 -0.0475122 0.0154869 -0.0743666 -0.0492642 0.9958929
1311867256.445283 -0.0198737 0.0063849 -0.0508312 0.0155120 -0.0772472 -0.0508654 0.9955928
1311867256.513577 -0.0222152 0.0070297 -0.0530066 0.0147270 -0.0810031 -0.0489254 0.9954034
1311867256.583591 -0.0220491 0.0067129 -0.0552746 0.0147271 -0.0822207 -0.0504939 0.9952253
1311867256.746329 -0.0181646 0.0073909 -0.0608186 0.0166109 -0.0871168 -0.0468426 0.9949576
1311867256.883890 -0.0200575 0.0053591 -0.0638053 0.0175856 -0.0885384 -0.0405069 0.9950934
1311867257.045185 -0.0171665 0.0086128 -0.0745449 0.0270118 -0.0873536 -0.0453271 0.9947790
1311867257.245697 -0.0180896 0.0086364 -0.0779139 0.0226632 -0.0845356 -0.0490534 0.9949542
1311867257.583609 -0.0100369 0.0111481 -0.0892172 0.0230857 -0.0677261 -0.0474594 0.9963071
1311867257.718778 -0.0063355 0.0108916 -0.0963553 0.0176460 -0.0671581 -0.0451717 0.9965631
1311867259.682849 0.0123472 -0.0080753 -0.1372289 0.0424601 -0.0740405 -0.0386791 0.9955999
1311867260.612014 0.0152306 -0.0067205 -0.1684392 0.0252298 -0.0550309 -0.0370678 0.9974774
1311867261.280012 0.0171113 -0.0054503 -0.1770383 0.0576888 -0.0582006 -0.0355041 0.9960041
1311867262.312207 0.0170695 -0.0134138 -0.1919082 0.0388807 -0.0504778 -0.0332337 0.9974146
1311867263.111968 0.0386800 -0.0134665 -0.1994277 0.0575257 -0.0577543 -0.0323504 0.9961470
1311867264.380241 0.0398464 -0.0163705 -0.2106078 0.0608788 -0.0704184 -0.0477876 0.9945106
1311867270.580811 0.0417190 -0.0056778 -0.1967557 0.0326462 -0.0585763 -0.0461070 0.9966831
1311867271.516531 0.0325127 -0.0043430 -0.1908658 0.0343442 -0.0546900 -0.0414959 0.9970495
1311867272.116570 0.0236755 0.0013624 -0.1767355 0.0360182 -0.0567642 -0.0429086 0.9968146
1311867272.516777 0.0198633 0.0064075 -0.1686060 0.0446953 -0.0560447 -0.0489371 0.9962261
1311867273.048578 0.0156225 0.0059417 -0.1575109 0.0485843 -0.0556626 -0.0509665 0.9959637
1311867273.548807 0.0124773 0.0069543 -0.1531623 0.0405121 -0.0516029 -0.0514857 0.9965165
1311867274.149224 0.0031701 0.0045153 -0.1292326 0.0257847 -0.0372948 -0.0530558 0.9975617
1311867274.480661 0.0015649 0.0128949 -0.1270396 0.0432291 -0.0368418 -0.0550358 0.9968676
1311867274.580883 0.0024295 0.0131275 -0.1243420 0.0491327 -0.0379619 -0.0555530 0.9965233
1311867274.680804 0.0041725 0.0155506 -0.1219409 0.0569032 -0.0372677 -0.0546349 0.9961868
1311867274.780646 0.0024732 0.0174725 -0.1217949 0.0623626 -0.0359710 -0.0529236 0.9960001
1311867274.880821 0.0058945 0.0205503 -0.1199295 0.0688209 -0.0385158 -0.0536708 0.9954395
1311867275.016675 0.0060361 0.0209069 -0.1194526 0.0715816 -0.0389086 -0.0533652 0.9952459
1311867275.148689 0.0056144 0.0218185 -0.1188875 0.0745849 -0.0388687 -0.0528543 0.9950542
1311867275.248735 0.0062465 0.0216467 -0.1191669 0.0749939 -0.0392357 -0.0544976 0.9949204
1311867275.348709 0.0074473 0.0205431 -0.1161816 0.0712089 -0.0387108 -0.0565640 0.9951037
1311867275.448851 0.0084514 0.0241619 -0.1134437 0.0716453 -0.0383200 -0.0563044 0.9951022
1311867275.616794 0.0086104 0.0229832 -0.1100472 0.0667706 -0.0386374 -0.0572888 0.9953727
1311867275.780810 0.0088947 0.0234247 -0.1092319 0.0687744 -0.0404464 -0.0577076 0.9951402
1311867275.980896 0.0084042 0.0256903 -0.1061201 0.0676918 -0.0422035 -0.0565009 0.9952107
1311867276.281034 0.0184260 0.0318742 -0.1104166 0.0688912 -0.0511415 -0.0561250 0.9947304
1311867276.416760 0.0277942 0.0390323 -0.1101743 0.0737379 -0.0544822 -0.0509079 0.9944862
1311867276.581007 0.0284420 0.0391951 -0.1074477 0.0733576 -0.0522010 -0.0477028 0.9947956
1311867276.716834 0.0323005 0.0388646 -0.1026658 0.0709937 -0.0552181 -0.0460116 0.9948838
1311867276.948866 0.0297114 0.0388809 -0.0957265 0.0735958 -0.0575035 -0.0479478 0.9944738
1311867277.116824 0.0286169 0.0381218 -0.0905936 0.0701039 -0.0607686 -0.0495339 0.9944541
1311867277.248926 0.0249765 0.0353714 -0.0830583 0.0631681 -0.0608550 -0.0504261 0.9948687
1311867277.349051 0.0250968 0.0348054 -0.0793047 0.0615811 -0.0591307 -0.0505723 0.9950647
1311867277.384209 0.0245894 0.0355334 -0.0774333 0.0629195 -0.0576793 -0.0510022 0.9950442
1311867277.548828 0.0213853 0.0328021 -0.0737914 0.0643457 -0.0620525 -0.0464008 0.9949151
1311867277.616897 0.0211567 0.0324998 -0.0721760 0.0645165 -0.0623280 -0.0459216 0.9949090
1311867277.848906 0.0215674 0.0324474 -0.0620599 0.0640713 -0.0603517 -0.0455092 0.9950786
1311867277.948933 0.0174658 0.0331590 -0.0579055 0.0665452 -0.0569028 -0.0421889 0.9952658
1311867278.016848 0.0179618 0.0328189 -0.0568473 0.0693136 -0.0579215 -0.0396034 0.9951243
1311867278.084826 0.0179392 0.0319408 -0.0555009 0.0722390 -0.0572689 -0.0384407 0.9949995
1311867278.149018 0.0171657 0.0320423 -0.0541675 0.0767967 -0.0573834 -0.0388028 0.9946375
1311867278.216940 0.0171546 0.0320377 -0.0530964 0.0790645 -0.0579113 -0.0390437 0.9944198
1311867278.284908 0.0143846 0.0306151 -0.0502426 0.0819529 -0.0572444 -0.0393593 0.9942121
1311867278.384931 0.0118533 0.0312527 -0.0453359 0.0877234 -0.0586796 -0.0374913 0.9937081
1311867278.516899 0.0092259 0.0303422 -0.0420230 0.0974191 -0.0609260 -0.0350080 0.9927598
1311867278.717052 0.0038501 0.0272077 -0.0346955 0.1016425 -0.0601332 -0.0391578 0.9922296
1311867278.916959 -0.0000523 0.0295551 -0.0315149 0.1074477 -0.0557155 -0.0418295 0.9917667
1311867279.085000 -0.0007460 0.0297071 -0.0296565 0.1044301 -0.0561708 -0.0427262 0.9920250
1311867279.284982 -0.0020789 0.0290713 -0.0252569 0.1002420 -0.0565293 -0.0462907 0.9922767
1311867279.417132 -0.0041690 0.0282616 -0.0208471 0.0941479 -0.0559773 -0.0506639 0.9926913
1311867279.717608 -0.0117751 0.0284248 -0.0076807 0.0897391 -0.0543859 -0.0525319 0.9930909
1311867279.952401 -0.0151299 0.0304994 0.0020588 0.0859333 -0.0481299 -0.0478486 0.9939867
1311867280.049281 -0.0175246 0.0293624 0.0058957 0.0808230 -0.0448514 -0.0465656 0.9946294
1311867280.285235 -0.0137975 0.0285750 0.0296142 0.0705260 -0.0375517 -0.0432192 0.9958655
1311867280.417089 -0.0128635 0.0316466 0.0291097 0.0670615 -0.0360090 -0.0436426 0.9961433
1311867280.585098 -0.0117408 0.0312104 0.0353327 0.0567757 -0.0336666 -0.0419199 0.9969382
1311867280.749156 -0.0072236 0.0362104 0.0466622 0.0584210 -0.0314117 -0.0457068 0.9967504
1311867280.985057 -0.0063284 0.0357912 0.0482031 0.0507519 -0.0322244 -0.0485872 0.9970081
1311867281.185052 -0.0036770 0.0326399 0.0541130 0.0412506 -0.0317396 -0.0513431 0.9973239
1311867281.317215 -0.0029303 0.0318309 0.0561911 0.0349566 -0.0302210 -0.0509469 0.9976318
1311867281.449183 -0.0018004 0.0378949 0.0611140 0.0376789 -0.0319818 -0.0508720 0.9974816
1311867281.885079 -0.0025131 0.0468834 0.0731258 0.0486230 -0.0372956 -0.0476286 0.9969836
1311867282.322429 -0.0076119 0.0517982 0.0830293 0.0498024 -0.0331037 -0.0403140 0.9973959
1311867282.649230 -0.0139683 0.0507395 0.0887708 0.0516017 -0.0261512 -0.0426068 0.9974157
1311867283.085258 -0.0164781 0.0506369 0.0984870 0.0497696 -0.0294410 -0.0497236 0.9970877
1311867283.585388 -0.0133097 0.0545008 0.1035771 0.0634193 -0.0282763 -0.0497948 0.9963428
1311867284.049779 -0.0140685 0.0530923 0.1060808 0.0617028 -0.0311500 -0.0457317 0.9965596
1311867284.417580 -0.0162568 0.0525732 0.1084715 0.0523493 -0.0287275 -0.0467768 0.9971189
1311867285.685653 -0.0156770 0.0522146 0.1093842 0.0532641 -0.0343318 -0.0476219 0.9968533
1311867286.150632 -0.0135922 0.0532922 0.1109273 0.0590048 -0.0363355 -0.0505533 0.9963145
1311867286.417777 -0.0129053 0.0541618 0.1130576 0.0599638 -0.0424661 -0.0511529 0.9959841
1311867286.649991 -0.0137794 0.0542241 0.1125195 0.0639333 -0.0462992 -0.0530486 0.9954671
1311867288.317583 -0.0155250 0.0517003 0.1133262 0.0671379 -0.0383692 -0.0529202 0.9956002
1311867288.854331 -0.0157641 0.0543447 0.1101003 0.0663937 -0.0376405 -0.0547602 0.9955784
1311867289.985528 -0.0133602 0.0531878 0.1168097 0.0577424 -0.0455717 -0.0607077 0.9954414
1311867290.620155 -0.0126777 0.0534255 0.1162433 0.0618951 -0.0486991 -0.0563367 0.9953008
1311867291.920685 -0.0164029 0.0515101 0.1100855 0.0667785 -0.0458135 -0.0568050 0.9950955
