1305031452.791720 0.000000000 0.000000000 0.000000000 -0.000000000 -0.000000000 -0.000000000 1.000000000
1305031452.823674 0.000792070 -0.005811577 0.005944642 -0.002863760 0.011644146 0.015507124 0.999807835
1305031452.859642 0.007932592 -0.000981399 0.008000936 0.001496122 0.019349109 0.031417307 0.999317944
1305031452.891726 0.007829469 0.015315953 0.009444850 0.005208072 0.028107638 0.041576020 0.998726308
1305031452.923715 0.002224099 0.010649703 0.005104631 -0.001263977 0.033482630 0.046021637 0.998378336
1305031452.959701 0.007511386 0.011165936 0.004063798 -0.002386803 0.035243407 0.047795910 0.998232365
1305031452.991647 0.009993205 0.017347066 0.007561048 0.002409626 0.042849671 0.045779947 0.998029232
1305031453.023650 0.021608159 0.027573960 0.004391969 0.008736575 0.048937183 0.047553837 0.997630954
1305031453.059754 0.023925340 0.031353582 0.001292277 0.009378341 0.062946707 0.049608774 0.996739089
1305031453.091704 0.024697544 0.037058812 -0.000218891 0.012059274 0.077467874 0.050251707 0.995654583
1305031453.123633 0.023834217 0.041777521 -0.009115968 0.014008864 0.092472434 0.051650066 0.994276106
1305031453.159673 0.023297478 0.047283210 -0.009875531 0.015517425 0.105371803 0.051948331 0.992953897
1305031453.191726 0.025617998 0.053541571 -0.019452136 0.016780542 0.117701940 0.051475830 0.991571963
1305031453.223689 0.024537556 0.055362288 -0.025507463 0.018008100 0.131284267 0.052287173 0.989801109
1305031453.259670 0.022337727 0.058888584 -0.029065166 0.016706752 0.143097237 0.057861187 0.987874627
1305031453.291696 0.022711441 0.059643351 -0.032501698 0.017473442 0.154901281 0.062142037 0.985818803
1305031453.323682 0.015543493 0.063506760 -0.034927379 0.023495190 0.170774177 0.068754911 0.982627630
1305031453.359684 0.013431606 0.076585501 -0.042248167 0.028260211 0.181989536 0.077634066 0.979823530
1305031453.391690 0.011806045 0.077310443 -0.049291231 0.027760692 0.188692883 0.088634685 0.977634013
1305031453.423683 0.011643235 0.081769414 -0.055231780 0.031552602 0.192501783 0.098597586 0.975820720
1305031453.459685 0.009801963 0.085163519 -0.061012756 0.036731936 0.200296253 0.106931247 0.973189592
1305031453.491698 0.006604847 0.093266621 -0.071477920 0.042682182 0.206826970 0.114664085 0.970697165
1305031453.523684 0.002887890 0.097283855 -0.081055962 0.050774299 0.212527320 0.123033643 0.968048036
1305031453.559753 -0.002882430 0.099917486 -0.086532071 0.058631830 0.216999233 0.128525391 0.965895891
1305031453.591640 -0.010952432 0.104593359 -0.096256986 0.066608205 0.221177280 0.131221533 0.964066863
1305031453.627706 -0.034636103 0.108579218 -0.102331795 0.073262267 0.229078650 0.131932408 0.961638987
1305031453.659600 -0.040464140 0.111944512 -0.112511471 0.080325045 0.224758536 0.129811689 0.962382734
1305031453.691678 -0.059717268 0.121139973 -0.118198588 0.087886162 0.224184975 0.121052817 0.962997079
1305031453.727652 -0.077236466 0.130469784 -0.134610489 0.091581315 0.218808785 0.115476742 0.964572787
1305031453.759694 -0.086955272 0.131519645 -0.140125304 0.094222337 0.211217746 0.108391576 0.966830134
1305031453.791716 -0.098199472 0.140414327 -0.151957735 0.098527990 0.201498434 0.098198257 0.969560623
1305031453.827773 -0.112494558 0.146891639 -0.163269177 0.100405522 0.194230095 0.091959566 0.971461236
1305031453.859705 -0.140914410 0.152086422 -0.166763976 0.100444838 0.188662618 0.080599248 0.973560989
1305031453.891710 -0.145836100 0.160269201 -0.171651110 0.101161219 0.170540258 0.073271014 0.977401555
1305031453.927723 -0.158183992 0.159899592 -0.172207847 0.097789809 0.152714089 0.069572955 0.980956316
1305031453.959641 -0.169369906 0.162341639 -0.168333530 0.095863685 0.134703726 0.062897280 0.984230161
1305031453.991624 -0.175484180 0.161449879 -0.171773493 0.091917820 0.123102017 0.051043697 0.986808836
1305031454.027662 -0.193601131 0.158528581 -0.161477134 0.093017921 0.114624448 0.040873241 0.988199532
1305031454.059654 -0.201845780 0.161678001 -0.158726126 0.093451336 0.102878690 0.029337630 0.989859700
1305031454.091651 -0.210888237 0.162472725 -0.155202299 0.092084363 0.091970138 0.015091147 0.991379976
1305031454.127701 -0.212516800 0.161963120 -0.153595001 0.093272015 0.075636819 0.002095339 0.992761374
1305031454.159672 -0.218537003 0.166175559 -0.148557812 0.094773456 0.059319027 -0.011222937 0.993666589
1305031454.191658 -0.216663644 0.166042149 -0.148675084 0.091386817 0.036508691 -0.023148697 0.994876742
1305031454.227671 -0.225691721 0.164594978 -0.136470199 0.091839984 0.020552756 -0.044439446 0.994569302
1305031454.259627 -0.224322185 0.164465338 -0.137313947 0.095091477 0.003395766 -0.061653048 0.993551731
1305031454.291639 -0.234115630 0.170764551 -0.131489024 0.093907818 -0.001081406 -0.072156258 0.992962062
1305031454.327699 -0.238415182 0.170006037 -0.127139226 0.093351662 -0.012636348 -0.089100592 0.991557837
1305031454.359636 -0.244716600 0.170964703 -0.128150105 0.097744808 -0.024098910 -0.103392310 0.989532888
1305031454.391677 -0.245537922 0.170755401 -0.130046695 0.096144252 -0.033633083 -0.116943896 0.987901509
1305031454.427465 -0.252467126 0.174250737 -0.122037172 0.097036906 -0.046204664 -0.129502058 0.985737383
1305031454.459913 -0.256866038 0.174287215 -0.118881762 0.097572505 -0.057144277 -0.148835629 0.982375801
1305031454.491617 -0.255313814 0.178675503 -0.117597789 0.097944386 -0.064174980 -0.163340285 0.979596019
1305031454.527700 -0.255875051 0.179290548 -0.118102826 0.093919843 -0.072338596 -0.179281414 0.976629078
1305031454.559575 -0.265071720 0.188669816 -0.119429544 0.091554940 -0.076475434 -0.193075836 0.973905027
1305031454.591635 -0.267628878 0.190525815 -0.118546709 0.086505972 -0.087165810 -0.209684089 0.970026493
1305031454.627580 -0.276770502 0.198249802 -0.123742163 0.084096931 -0.099624351 -0.224212050 0.965780318
1305031454.659528 -0.274889737 0.198776841 -0.125775635 0.076084793 -0.114394084 -0.230345011 0.963361979
1305031454.691884 -0.276794791 0.202361807 -0.126903012 0.068309724 -0.129780978 -0.237891421 0.960155427
1305031454.727659 -0.277352810 0.203133792 -0.125909358 0.063713133 -0.142215118 -0.244629607 0.957011998
1305031454.759732 -0.263958961 0.205025703 -0.126166254 0.056209657 -0.156480908 -0.234644070 0.957755923
1305031454.791641 -0.263725400 0.208099127 -0.128453910 0.051499516 -0.159453019 -0.226766512 0.959426641
1305031454.827570 -0.260330617 0.210813254 -0.131132707 0.045834377 -0.161181524 -0.218558729 0.961328208
1305031454.859620 -0.256016195 0.214471489 -0.130898476 0.041122001 -0.158912212 -0.212143868 0.963353992
1305031454.891764 -0.256615251 0.218884096 -0.134264261 0.037138380 -0.152771220 -0.204166487 0.966228724
1305031454.927567 -0.257487595 0.223035350 -0.133108333 0.032897737 -0.146554291 -0.197453111 0.968737245
1305031454.959648 -0.260013163 0.227777436 -0.142689049 0.028173111 -0.141009077 -0.189018771 0.971387982
1305031454.991937 -0.267173082 0.240481660 -0.145186752 0.029735291 -0.134513617 -0.185519427 0.972936034
1305031455.027799 -0.269305259 0.246179312 -0.147296071 0.028935906 -0.134178534 -0.182601243 0.973558307
1305031455.059636 -0.273092002 0.251179487 -0.144147620 0.027531913 -0.131808266 -0.180168271 0.974375725
1305031455.091700 -0.278160363 0.257886201 -0.147633955 0.029426791 -0.127584130 -0.179398254 0.975024462
1305031455.127695 -0.281985343 0.263859749 -0.150835663 0.030345814 -0.122731976 -0.178565934 0.975771606
1305031455.159720 -0.291506439 0.267302036 -0.161443949 0.028298344 -0.115275353 -0.176675349 0.977085829
1305031455.191655 -0.296960622 0.271772951 -0.157552928 0.024765354 -0.113506056 -0.169320464 0.978689790
1305031455.227581 -0.304522693 0.274141520 -0.160178393 0.023864945 -0.110545211 -0.164107248 0.979938269
1305031455.259631 -0.317178994 0.282817453 -0.173917800 0.022956038 -0.100913361 -0.159689799 0.981727421
1305031455.291831 -0.325571626 0.284144580 -0.168431133 0.015043769 -0.096274123 -0.148986727 0.984026432
1305031455.327766 -0.332334012 0.287611455 -0.174841270 0.009787059 -0.093960918 -0.137444466 0.985994279
1305031455.359630 -0.340721250 0.293957204 -0.175068751 0.002128320 -0.093287230 -0.129861325 0.987131774
1305031455.391665 -0.349990100 0.290566385 -0.178500772 -0.010379511 -0.085629456 -0.118900999 0.989152431
1305031455.427642 -0.358313292 0.293879211 -0.176394388 -0.015645457 -0.079972260 -0.107985437 0.990807176
1305031455.459589 -0.372250706 0.294763386 -0.171753749 -0.019264322 -0.075633116 -0.097834811 0.992137551
1305031455.491637 -0.384682715 0.295231223 -0.179988191 -0.023402691 -0.071723536 -0.086367056 0.993402660
1305031455.527610 -0.392665476 0.294846684 -0.173133314 -0.025258845 -0.069035180 -0.074593939 0.994500816
1305031455.559669 -0.401549876 0.297087610 -0.171278208 -0.023613404 -0.070892632 -0.061575364 0.995301545
1305031455.591645 -0.417059749 0.297078788 -0.180986688 -0.025091790 -0.071572892 -0.046642128 0.996028244
1305031455.627617 -0.419100225 0.293743998 -0.178475529 -0.028601035 -0.075063363 -0.033201799 0.996215403
1305031455.659615 -0.436127216 0.291906714 -0.182623625 -0.024787169 -0.070214085 -0.027092699 0.996855855
1305031455.691605 -0.446857303 0.292202652 -0.186129764 -0.020444429 -0.068490513 -0.028144242 0.997045159
1305031455.727628 -0.464601308 0.292087197 -0.184144884 -0.017404296 -0.064071700 -0.034350876 0.997202039
1305031455.759683 -0.467598408 0.291456401 -0.187340230 -0.015308828 -0.062868580 -0.037124943 0.997213662
1305031455.791666 -0.479094297 0.286567628 -0.191123024 -0.013517014 -0.058200542 -0.037305590 0.997516036
1305031455.827590 -0.486263722 0.284814417 -0.202566311 -0.010303015 -0.054439146 -0.036969524 0.997779310
1305031455.859526 -0.491665959 0.281761765 -0.208629489 -0.010101990 -0.054754797 -0.037776735 0.997733891
1305031455.891657 -0.492871225 0.280956984 -0.214038283 -0.008379798 -0.055941738 -0.038093552 0.997671902
1305031455.927955 -0.495096564 0.278379649 -0.219535619 -0.008739660 -0.055374239 -0.037487201 0.997723460
1305031455.959716 -0.505196691 0.277427495 -0.217825711 -0.007117029 -0.051047098 -0.042942137 0.997747242
1305031455.991694 -0.509048939 0.275058657 -0.223060682 -0.009654816 -0.048198089 -0.044256490 0.997810185
1305031456.027770 -0.516309857 0.278461695 -0.217328459 -0.011819668 -0.042605102 -0.048629835 0.997837782
1305031456.059713 -0.519508243 0.276167631 -0.218527660 -0.021021366 -0.039657805 -0.055540178 0.997447133
1305031456.091707 -0.522411883 0.270036668 -0.224324197 -0.028009554 -0.039113268 -0.057286236 0.997198045
1305031456.127645 -0.530251682 0.267207146 -0.224357978 -0.028314775 -0.033637114 -0.061411463 0.997143626
1305031456.159731 -0.532613814 0.262959599 -0.219087258 -0.028839493 -0.030482581 -0.062062938 0.997189701
1305031456.191658 -0.532767951 0.256788313 -0.220281824 -0.025047684 -0.025024584 -0.058004484 0.997688293
1305031456.227678 -0.537835836 0.263251036 -0.220920861 -0.016909102 -0.015654182 -0.055532265 0.998190999
1305031456.259614 -0.538575530 0.258099586 -0.218401432 -0.019123372 -0.007280539 -0.051817730 0.998446941
1305031456.291675 -0.545080841 0.252169907 -0.213004187 -0.016636178 0.004047079 -0.047570601 0.998721123
1305031456.327718 -0.549069107 0.248511657 -0.212884590 -0.012362425 0.013092077 -0.040594641 0.999013484
1305031456.359846 -0.551667571 0.255594850 -0.203116953 -0.003169440 0.023509772 -0.036039535 0.999068737
1305031456.391619 -0.551250100 0.250147671 -0.203932226 -0.004080181 0.032234471 -0.031225674 0.998984098
1305031456.427662 -0.557612002 0.250313193 -0.203070968 0.004738326 0.042467777 -0.024782876 0.998779237
1305031456.459610 -0.586858332 0.241475269 -0.212530047 -0.000643784 0.057939377 -0.019656278 0.998126388
1305031456.491677 -0.591818392 0.242018402 -0.205179557 -0.005769838 0.057321675 -0.013124130 0.998252869
1305031456.527641 -0.593923926 0.239730328 -0.201652586 -0.011866076 0.052664645 -0.007447438 0.998514056
1305031456.559608 -0.600610614 0.236482143 -0.186701477 -0.014271038 0.053372812 -0.002874294 0.998468578
1305031456.591651 -0.603741944 0.240186676 -0.184696913 -0.011947799 0.054271627 0.003588441 0.998448372
1305031456.627612 -0.615114093 0.241336420 -0.178652748 -0.026302427 0.061272234 0.012476535 0.997696519
1305031456.659665 -0.620995820 0.237375855 -0.167625040 -0.036848113 0.066043049 0.016314890 0.997002661
1305031456.691612 -0.621837974 0.235074669 -0.166024372 -0.036026780 0.066537894 0.025712671 0.996801674
1305031456.727693 -0.628004551 0.236035824 -0.159072593 -0.041833207 0.065846175 0.038328364 0.996215463
1305031456.759615 -0.640826941 0.224604383 -0.149595678 -0.050654821 0.064542137 0.047117095 0.995514154
1305031456.791649 -0.647621453 0.224383727 -0.139984727 -0.044960134 0.056167398 0.054289691 0.995930016
1305031456.827603 -0.656677365 0.232572913 -0.134459764 -0.044021275 0.053947017 0.059917364 0.995771945
1305031456.859634 -0.657737851 0.232759848 -0.128284305 -0.050674796 0.051215578 0.067584716 0.995108783
1305031456.891672 -0.661642909 0.232392788 -0.116874665 -0.051569980 0.052751411 0.071442991 0.994712889
1305031456.927690 -0.665008366 0.227432474 -0.117948234 -0.050356604 0.057140689 0.077264592 0.994097233
1305031456.959667 -0.669243395 0.231405973 -0.112490766 -0.052735444 0.060290642 0.083974034 0.993243396
1305031456.991709 -0.672036827 0.228126764 -0.107380085 -0.063168697 0.060910374 0.086312220 0.992395997
1305031457.027648 -0.678752244 0.226839572 -0.108292207 -0.064692348 0.064010717 0.089186035 0.991848469
1305031457.059621 -0.702024996 0.220626324 -0.114505053 -0.072302453 0.076045036 0.092842653 0.990136266
1305031457.091655 -0.713663280 0.210501805 -0.115337834 -0.085332014 0.080976486 0.097583599 0.988250375
1305031457.127632 -0.714818656 0.208091274 -0.114726514 -0.087581560 0.083516143 0.102089964 0.987386584
1305031457.159693 -0.718319952 0.208135709 -0.113786139 -0.085464589 0.086632475 0.109568737 0.986501575
1305031457.191735 -0.724002421 0.208765984 -0.119095795 -0.084291682 0.089643687 0.115605034 0.985644162
1305031457.227543 -0.750430524 0.190028831 -0.132301912 -0.094181843 0.101908490 0.121863946 0.982798874
1305031457.259691 -0.761575103 0.174759105 -0.137941495 -0.094161719 0.107168667 0.128431782 0.981403947
1305031457.291656 -0.761466324 0.180811092 -0.145249784 -0.084212199 0.111224636 0.134294584 0.981072009
1305031457.327548 -0.779834270 0.174291790 -0.159635127 -0.083207659 0.121037938 0.138190031 0.979453862
1305031457.359712 -0.769772291 0.178808331 -0.158668756 -0.081621863 0.125334367 0.144518837 0.978132725
1305031457.391684 -0.781937897 0.182021558 -0.145898208 -0.072999656 0.141601443 0.151912376 0.975470543
1305031457.427641 -0.788012624 0.182378635 -0.153243631 -0.068818018 0.145651042 0.159449726 0.973974168
1305031457.459614 -0.800685704 0.178676233 -0.162331313 -0.067092091 0.148153648 0.164199874 0.972927392
1305031457.491705 -0.808979690 0.170777529 -0.163635045 -0.066936046 0.150746584 0.166776612 0.972101152
1305031457.527638 -0.811078548 0.169539571 -0.168748170 -0.060897637 0.150396764 0.171246067 0.971775293
1305031457.559685 -0.819491029 0.171205327 -0.176351577 -0.054432996 0.154413864 0.170936093 0.971583366
1305031457.591678 -0.826700568 0.170149788 -0.182033941 -0.050317176 0.156932548 0.174114496 0.970836997
1305031457.627526 -0.833143950 0.162459195 -0.187509924 -0.050070137 0.156560123 0.178342119 0.970142305
1305031457.659632 -0.843320191 0.167479277 -0.193363577 -0.043997884 0.159733355 0.177657530 0.970045030
1305031457.691570 -0.857276499 0.161258966 -0.198215261 -0.048798282 0.160354331 0.182015091 0.968904495
1305031457.727669 -0.858801305 0.151838899 -0.205391109 -0.050981559 0.158984065 0.181265771 0.969158292
1305031457.759556 -0.866868675 0.144276440 -0.207446262 -0.048222315 0.161500886 0.179492190 0.969213426
1305031457.791567 -0.873372316 0.132452816 -0.214889035 -0.042370144 0.165530488 0.178674534 0.968958139
1305031457.827699 -0.879313707 0.130489856 -0.223160267 -0.032902189 0.171816558 0.178093240 0.968338430
1305031457.859623 -0.882244170 0.127070457 -0.229762599 -0.030080114 0.177438259 0.178384155 0.967362463
1305031457.891593 -0.892550349 0.120866105 -0.225996569 -0.020459421 0.188488528 0.177726269 0.965643227
1305031457.927633 -0.897546530 0.123535752 -0.223218441 -0.003355460 0.192296803 0.182107955 0.964285970
1305031457.959632 -0.907986462 0.118941985 -0.229403764 0.002800333 0.192878082 0.183165923 0.963971198
1305031457.991644 -0.911968350 0.113054432 -0.229420424 0.008249263 0.193089381 0.184310555 0.963679492
1305031458.027845 -0.916942120 0.107519746 -0.230890155 0.017328817 0.196296796 0.184213415 0.962929308
1305031458.059689 -0.930900455 0.098118201 -0.242149711 0.023093615 0.200799808 0.187101915 0.961321473
1305031458.091690 -0.939589739 0.099040464 -0.238091946 0.024392219 0.205132321 0.188768595 0.960048020
1305031458.127605 -0.945036411 0.093854003 -0.232662141 0.023076197 0.207990691 0.189659774 0.959289610
1305031458.159638 -0.960976124 0.081334576 -0.220301375 0.022356022 0.214462891 0.190591022 0.957695663
1305031458.191646 -0.980690837 0.071342900 -0.216026947 0.021189841 0.217359215 0.195771411 0.956022799
1305031458.227611 -0.986498833 0.068478405 -0.210228354 0.014506933 0.212855965 0.197941661 0.956713676
1305031458.259934 -0.998386085 0.035830252 -0.203250825 0.003823389 0.212969512 0.197123811 0.956959605
1305031458.291664 -1.003932595 0.032296054 -0.198932141 0.012685276 0.207791835 0.198589414 0.957718134
1305031458.327628 -1.019365668 0.027578861 -0.180427596 0.016363837 0.207084119 0.197832167 0.957972288
1305031458.359590 -1.026977301 0.009752393 -0.171117723 0.019494485 0.204653785 0.195385709 0.958937645
1305031458.391626 -1.044160008 -0.001285881 -0.164135605 0.031707961 0.204414189 0.201811701 0.957330406
1305031458.427598 -1.039331317 -0.001457602 -0.152620167 0.039756726 0.202513307 0.210121602 0.955644667
1305031458.459637 -1.030056357 -0.009241804 -0.149534047 0.049126100 0.203782216 0.220606744 0.952571332
1305031458.491696 -1.040358543 -0.011310108 -0.128985882 0.071699485 0.220176190 0.213246241 0.949161589
1305031458.527737 -1.060078859 -0.008505225 -0.119622454 0.090714432 0.235782489 0.209972158 0.944504797
1305031458.559628 -1.061103463 0.001306504 -0.104311243 0.099629432 0.244412661 0.206970513 0.942071974
1305031458.591641 -1.079915047 -0.000092998 -0.081743874 0.108758725 0.257100910 0.198146671 0.939578950
1305031458.627659 -1.094954133 0.023763031 -0.057880029 0.118257470 0.261029452 0.192012921 0.938621223
1305031458.659623 -1.094496846 0.017052248 -0.044981405 0.109302253 0.256546527 0.193788335 0.940575898
1305031458.691674 -1.101004958 0.012472495 -0.035799876 0.101162776 0.241242141 0.185937956 0.947098434
1305031458.727650 -1.097427845 0.004215606 -0.022604153 0.097952016 0.226687878 0.180393755 0.952090442
1305031458.759945 -1.096450925 0.009333126 -0.010375611 0.105185203 0.211873636 0.167749718 0.957029641
1305031458.791632 -1.088279128 0.026201911 0.007125938 0.109557606 0.193142712 0.156580225 0.962380290
1305031458.827564 -1.094908714 0.023587853 0.019211499 0.103508249 0.187566206 0.153535306 0.964640796
1305031458.859887 -1.089786172 0.016396657 0.029030677 0.103700623 0.183440790 0.149819210 0.965996861
1305031458.891665 -1.085206032 0.021906160 0.035734542 0.110511430 0.183272421 0.141712382 0.966496825
1305031458.927621 -1.092265964 0.027924657 0.044646703 0.111429945 0.190375209 0.146066234 0.964367867
1305031458.959617 -1.090085387 0.019582734 0.049878806 0.102506481 0.192910254 0.162923694 0.962150693
1305031458.991647 -1.113860130 -0.010271341 0.056043781 0.096269436 0.206523553 0.164155141 0.959756911
1305031459.027665 -1.132493496 -0.019402675 0.066989884 0.106331810 0.208968922 0.162860826 0.958385050
1305031459.059631 -1.157176614 -0.039451540 0.062463649 0.111745872 0.205354095 0.174368456 0.956524014
1305031459.091650 -1.171882868 -0.053692993 0.072120264 0.123942256 0.192513302 0.183443397 0.955994487
1305031459.127618 -1.206267595 -0.068267129 0.088473402 0.137893230 0.177065313 0.187518075 0.956279457
1305031459.159639 -1.216945171 -0.075011499 0.096232869 0.148010239 0.154347703 0.188676938 0.958473146
1305031459.191674 -1.221802473 -0.074360460 0.105024152 0.157852754 0.133426964 0.196204349 0.958532035
1305031459.227607 -1.243384600 -0.088275686 0.104233414 0.157635018 0.126334533 0.206945300 0.957269311
1305031459.259760 -1.256441355 -0.080318622 0.105381891 0.159611404 0.122563824 0.215320319 0.955583334
1305031459.291690 -1.243370652 -0.063550271 0.127106860 0.161866605 0.128133550 0.223422825 0.952608705
1305031459.327632 -1.231860518 -0.056240261 0.149369732 0.162443712 0.141522542 0.240930781 0.946327507
1305031459.359651 -1.248134732 -0.059421763 0.150398657 0.164170966 0.166791826 0.260654300 0.936636388
1305031459.391667 -1.252065420 -0.044454411 0.156257778 0.163119853 0.187827334 0.286853433 0.925109684
1305031459.427646 -1.270644546 -0.039824486 0.174305558 0.152811632 0.223577246 0.318773121 0.908320189
1305031459.459679 -1.289681911 -0.048564583 0.183685541 0.148870349 0.262479722 0.356384724 0.884269178
1305031459.491555 -1.405979395 -0.086094618 0.138854533 0.130886093 0.310230434 0.386245757 0.858743370
1305031459.527594 -1.439252496 -0.102164924 0.166795626 0.117689505 0.336849898 0.414070308 0.837393045
1305031459.559647 -1.465841770 -0.163668573 0.149248451 0.096260518 0.354237556 0.445011318 0.816832066
1305031459.591695 -1.483773112 -0.165333748 0.161656082 0.096596584 0.360814810 0.461525679 0.804658830
1305031459.627608 -1.485473990 -0.157462060 0.179815471 0.099601746 0.360166252 0.471288323 0.798903704
1305031459.659641 -1.507104516 -0.165586710 0.212369263 0.100289516 0.372233748 0.472321451 0.792651594
1305031459.691604 -1.550565481 -0.200701475 0.257410914 0.090026543 0.399231791 0.472569197 0.780504704
1305031459.727551 -1.554061651 -0.207907140 0.261208653 0.085484162 0.402599692 0.475514024 0.777491093
1305031459.759635 -1.558291912 -0.210093260 0.265057325 0.087743826 0.404525280 0.470296681 0.779410958
1305031459.791650 -1.565878153 -0.218785107 0.271671921 0.089862473 0.404249102 0.467560619 0.780957401
1305031459.827664 -1.577645421 -0.238463879 0.292891234 0.088755719 0.407471657 0.465574414 0.780595839
1305031459.859660 -1.599579573 -0.272328019 0.318792313 0.082813561 0.412117720 0.465578556 0.778805196
1305031459.891596 -1.600665331 -0.291868746 0.335422277 0.078276947 0.408212751 0.469441026 0.779012382
1305031459.927607 -1.602999449 -0.321987569 0.357021362 0.076280721 0.408238232 0.472949684 0.777072310
1305031459.959650 -1.606423974 -0.336801529 0.375259787 0.076513842 0.407499731 0.475823879 0.775681138
1305031459.991725 -1.612153769 -0.362746656 0.398152977 0.072908588 0.409450710 0.480467647 0.772130370
1305031460.027565 -1.608188987 -0.383419335 0.410504639 0.070716664 0.409689844 0.483408242 0.770370007
1305031460.059659 -1.609339595 -0.412570834 0.432943612 0.069585048 0.413874000 0.485859782 0.766685486
1305031460.091717 -1.612541914 -0.443068326 0.446350455 0.070704468 0.412229002 0.493454963 0.762607634
1305031460.127690 -1.605987787 -0.464263856 0.465462685 0.077667065 0.405301213 0.500994086 0.760725737
1305031460.159678 -1.606097341 -0.475213110 0.485855579 0.087513849 0.401241422 0.506272674 0.758310437
1305031460.191559 -1.599113464 -0.484212995 0.500078559 0.089915954 0.393946946 0.513177335 0.757211924
1305031460.227761 -1.583035707 -0.491321921 0.505464554 0.090053029 0.391589731 0.516616285 0.756079078
1305031460.259667 -1.573817849 -0.496893287 0.512382746 0.091838427 0.397375226 0.515955210 0.753292024
1305031460.291689 -1.572045565 -0.511072159 0.526143014 0.090080276 0.408533186 0.513468266 0.749224007
1305031460.327512 -1.562347174 -0.521339595 0.533992410 0.089469872 0.416455477 0.513557732 0.744861424
1305031460.359630 -1.560681462 -0.528781831 0.554207325 0.089182243 0.427702248 0.513088346 0.738821805
1305031460.391611 -1.550863504 -0.539361954 0.562189281 0.083945937 0.436670303 0.515902162 0.732200265
1305031460.427477 -1.543773174 -0.551518202 0.571898341 0.081888735 0.446638405 0.519162893 0.724070668
1305031460.459620 -1.540799737 -0.559548438 0.580110908 0.078949511 0.458630562 0.521179974 0.715399504
1305031460.491504 -1.538406134 -0.556760311 0.591284215 0.074345343 0.471362770 0.524770200 0.704915822
1305031460.527570 -1.528885722 -0.576180875 0.612477481 0.066374891 0.483588099 0.533396304 0.690814972
1305031460.559647 -1.522313237 -0.588139355 0.615377903 0.059233602 0.490680873 0.537197232 0.683478534
1305031460.591855 -1.519546747 -0.590860307 0.626121879 0.056683905 0.499012560 0.535777569 0.678760469
1305031460.627625 -1.511658907 -0.608044147 0.643692791 0.050642684 0.509925008 0.536334693 0.670639157
1305031460.659764 -1.508737564 -0.612424493 0.655421019 0.049487289 0.517694533 0.533885062 0.666715920
1305031460.691671 -1.506476164 -0.618182302 0.675412536 0.047778610 0.523686886 0.532884657 0.662950456
1305031460.727675 -1.496499062 -0.630433142 0.694792926 0.041786283 0.528009117 0.533774734 0.659200132
1305031460.759667 -1.491910100 -0.634413123 0.698439538 0.039191131 0.531176388 0.531809688 0.658402741
1305031460.791660 -1.482020736 -0.641442180 0.723502278 0.036918133 0.537822604 0.529369891 0.655096591
1305031460.827660 -1.472304344 -0.647159040 0.740505874 0.030485580 0.540811956 0.526630938 0.655173957
1305031460.859714 -1.466749549 -0.647693694 0.746168554 0.025360173 0.542272031 0.524721444 0.655717432
1305031460.891774 -1.457164407 -0.655395448 0.761108279 0.018116899 0.547326744 0.522441447 0.653575003
1305031460.927562 -1.444717884 -0.666871786 0.779567063 0.011003380 0.550437391 0.522310734 0.651221275
1305031460.959649 -1.432224512 -0.669121146 0.787736773 0.009961669 0.550129414 0.523514867 0.650531054
1305031460.991668 -1.412075281 -0.679808617 0.799170375 0.006452760 0.555332839 0.522357821 0.647075057
1305031461.027620 -1.400631428 -0.686439276 0.809052885 0.007884474 0.558075249 0.521908462 0.645059228
1305031461.059662 -1.389896989 -0.698029518 0.827219248 0.010222189 0.562196136 0.519839227 0.643116117
1305031461.091728 -1.381343007 -0.696681440 0.835482836 0.011012839 0.559404552 0.519594252 0.645729899
1305031461.127586 -1.365894794 -0.698691428 0.838807106 0.007563869 0.559557438 0.516955256 0.647761941
1305031461.159720 -1.346585751 -0.708153427 0.848430395 0.006917820 0.562902868 0.515326619 0.646166384
1305031461.192013 -1.341954708 -0.706671417 0.853273511 0.010459401 0.563464463 0.509943545 0.649889171
1305031461.227607 -1.335012436 -0.706441641 0.858844042 0.011747984 0.564553678 0.506414592 0.651678979
1305031461.259642 -1.323464870 -0.710152268 0.867085516 0.011965417 0.566783071 0.502272367 0.652944446
1305031461.291656 -1.317016602 -0.711347580 0.873075485 0.012293687 0.568080604 0.495470285 0.656995177
1305031461.327751 -1.311235070 -0.708665848 0.876102448 0.012879339 0.570159137 0.490485072 0.658921182
1305031461.359709 -1.305619240 -0.703638434 0.884143293 0.009274906 0.573288679 0.487532169 0.658457756
1305031461.391708 -1.287891388 -0.704929113 0.885132670 0.000103523 0.571493745 0.490092784 0.658182263
1305031461.427624 -1.281082869 -0.703290939 0.888548970 0.000017109 0.572782516 0.487489760 0.658994615
1305031461.459781 -1.277136445 -0.699293911 0.891634405 -0.002408975 0.571901143 0.489387900 0.658348620
1305031461.491677 -1.259857655 -0.707877755 0.892351151 -0.009040972 0.571984470 0.491289675 0.656800210
1305031461.527705 -1.260141373 -0.703857958 0.891255856 -0.003806701 0.574845314 0.486445427 0.657958388
1305031461.559677 -1.258085608 -0.703067183 0.878144801 -0.005812624 0.573533297 0.485685408 0.659648001
1305031461.591690 -1.257827520 -0.700826764 0.875984311 -0.009004107 0.581862986 0.479612827 0.656754076
1305031461.627541 -1.255014300 -0.696097255 0.871218085 -0.012376943 0.585630715 0.479813546 0.653194010
1305031461.659622 -1.256450891 -0.694370389 0.866276383 -0.015588328 0.588874638 0.479229301 0.650632739
1305031461.691563 -1.256943583 -0.691113830 0.864729583 -0.017047051 0.591074467 0.483788669 0.645204663
1305031461.727602 -1.255308270 -0.690619111 0.860588193 -0.019985953 0.590838671 0.489328653 0.641145706
1305031461.759684 -1.261100769 -0.684798717 0.849878967 -0.019256879 0.591325700 0.492307663 0.638432682
1305031461.791612 -1.262236476 -0.681624174 0.843685091 -0.024826048 0.592057228 0.497521430 0.633501649
1305031461.827615 -1.267068267 -0.661453605 0.829230487 -0.021675348 0.592951238 0.501363695 0.629740775
1305031461.859767 -1.284097195 -0.645436108 0.825338542 -0.018314900 0.596426725 0.504964650 0.623658895
1305031461.891723 -1.292623520 -0.637416601 0.821639121 -0.018744705 0.595935285 0.516452134 0.614643872
1305031461.927758 -1.296958566 -0.635642409 0.812538981 -0.021675818 0.590221941 0.529865444 0.608613849
1305031461.959703 -1.304946184 -0.621964574 0.778379321 -0.027056633 0.584255755 0.535550654 0.609178662
1305031461.991590 -1.320242524 -0.605330825 0.781516373 -0.030198677 0.589803457 0.541943431 0.597927511
1305031462.027675 -1.380355954 -0.668414593 0.686011672 -0.027762147 0.560175300 0.571752965 0.598774970
1305031462.059837 -1.379839540 -0.664685726 0.691461563 -0.030130088 0.555043280 0.584342659 0.591238379
1305031462.091777 -1.384870291 -0.658807337 0.683397710 -0.028699011 0.545902193 0.597418249 0.586735547
1305031462.127739 -1.389622688 -0.655858815 0.678759515 -0.031014090 0.540697753 0.608072400 0.580458581
1305031462.159646 -1.507991791 -0.573760152 0.530978322 0.011191924 0.494207710 0.611398816 0.617919862
1305031462.191641 -1.509836793 -0.573096633 0.530295610 0.004038119 0.492540538 0.614147305 0.616612196
1305031462.227633 -1.512399435 -0.572153211 0.534731984 -0.004477992 0.491662592 0.617795825 0.613658071
1305031462.259765 -1.515725613 -0.573621750 0.536038518 -0.014769460 0.488637894 0.619693160 0.613999367
1305031462.291629 -1.519077420 -0.571724653 0.538417161 -0.022941625 0.483972996 0.620238066 0.616886258
1305031462.327540 -1.524124146 -0.568781376 0.533974409 -0.032342430 0.478475064 0.620012641 0.620967031
1305031462.359732 -1.528717518 -0.569635987 0.537103713 -0.043929089 0.475321561 0.618882835 0.623797834
1305031462.391695 -1.534028769 -0.566257715 0.539875388 -0.055103969 0.467033803 0.619152546 0.628882527
1305031462.427635 -1.539649963 -0.581379116 0.549900413 -0.070963211 0.460737675 0.618339956 0.632724822
1305031462.459897 -1.547534943 -0.590318143 0.555420041 -0.083677724 0.451496184 0.617650807 0.638480008
1305031462.492008 -1.553517818 -0.591188967 0.554816544 -0.095786728 0.439622134 0.619160533 0.643581867
1305031462.527670 -1.554646015 -0.585240602 0.559822440 -0.105576709 0.431983322 0.618175387 0.648153663
1305031462.559862 -1.567203522 -0.580202639 0.561258674 -0.109607577 0.424510807 0.612158477 0.658056796
1305031462.591862 -1.571846724 -0.583939195 0.558591127 -0.117075123 0.420063287 0.607709527 0.663723886
1305031462.627851 -1.583503962 -0.580128849 0.551400423 -0.121489055 0.416623980 0.600715756 0.671420515
1305031462.659660 -1.590004206 -0.579915881 0.545766950 -0.126032680 0.415718615 0.593796432 0.677273631
1305031462.692548 -1.596434832 -0.592193723 0.550982177 -0.130321950 0.416860163 0.587504327 0.681235969
1305031462.727652 -1.608824253 -0.601618528 0.541985452 -0.133990750 0.410876215 0.581584752 0.689192653
1305031462.759782 -1.628545403 -0.544043541 0.550055981 -0.130424917 0.408578008 0.556620657 0.711496174
1305031462.791943 -1.637136221 -0.543729782 0.544510722 -0.134998709 0.404786944 0.551585555 0.716712177
1305031462.827816 -1.649231911 -0.537900388 0.533658862 -0.137856066 0.399546951 0.548506737 0.721455753
1305031462.859782 -1.657109499 -0.517683744 0.518753588 -0.139887720 0.392804712 0.543550491 0.728483915
1305031462.891847 -1.664634228 -0.518621027 0.506576657 -0.144249037 0.393294781 0.542767346 0.727952719
1305031462.927607 -1.671296358 -0.511000037 0.487203538 -0.144801468 0.391905695 0.543440402 0.728089929
1305031462.959676 -1.679239035 -0.495871663 0.473670185 -0.142812788 0.390486389 0.539495587 0.732167602
1305031462.995550 -1.681439519 -0.493510187 0.460545063 -0.141219050 0.389837652 0.537547171 0.734252632
1305031463.027667 -1.687698603 -0.501892030 0.451463223 -0.140496835 0.392337590 0.532436728 0.736778736
1305031463.059810 -1.693925977 -0.484672844 0.446686387 -0.133128732 0.392293543 0.524930954 0.743525386
1305031463.095809 -1.701083302 -0.474859178 0.430927157 -0.133040577 0.389035642 0.517384708 0.750509560
1305031463.127550 -1.703459263 -0.478467375 0.415682793 -0.134183154 0.389820933 0.510598958 0.754535139
1305031463.159787 -1.712269664 -0.484259665 0.402022600 -0.132744640 0.391753525 0.504086435 0.758158922
1305031463.195657 -1.711235881 -0.449407935 0.394825041 -0.129031703 0.390946120 0.494280398 0.765636206
1305031463.227784 -1.709213138 -0.445136338 0.383044004 -0.132298917 0.390328377 0.491693944 0.767057955
1305031463.260034 -1.708756208 -0.430276960 0.364174426 -0.125117272 0.391215354 0.487400830 0.770543158
1305031463.295737 -1.716494322 -0.424155712 0.351748526 -0.123814970 0.392560661 0.481094211 0.774024844
1305031463.327739 -1.717895031 -0.422957778 0.341998816 -0.125472590 0.391598880 0.480246425 0.774771094
1305031463.359750 -1.719119430 -0.413139731 0.326981187 -0.118977897 0.390466750 0.476851672 0.778455257
1305031463.395630 -1.724866152 -0.398750484 0.303290009 -0.113750629 0.386324942 0.472268432 0.784076810
1305031463.427716 -1.709908485 -0.397285640 0.316914320 -0.118898533 0.390883744 0.471527219 0.781495512
1305031463.459756 -1.711261034 -0.395579666 0.306981146 -0.120661698 0.393686891 0.469904959 0.780795038
1305031463.495629 -1.709460378 -0.396303505 0.290462196 -0.125185698 0.396043181 0.470248491 0.778681457
1305031463.527670 -1.706856728 -0.390845537 0.279085219 -0.126868546 0.403424323 0.467018127 0.776561260
1305031463.559751 -1.702965498 -0.373191744 0.275023043 -0.122840613 0.411053121 0.464888036 0.774483442
1305031463.595600 -1.703026891 -0.373733193 0.262026966 -0.124109276 0.411233246 0.466438144 0.773252606
1305031463.627588 -1.696626186 -0.381095916 0.243660271 -0.126964480 0.411460340 0.465080529 0.773486018
1305031463.659766 -1.697731972 -0.376196563 0.234481633 -0.121110059 0.421761870 0.457373083 0.773472190
1305031463.695640 -1.698130846 -0.367912650 0.216248989 -0.116118759 0.423190713 0.455444068 0.774594605
1305031463.727588 -1.694500446 -0.375858128 0.187269449 -0.120805018 0.423597991 0.453089058 0.775036275
1305031463.759674 -1.682418942 -0.372089297 0.174477041 -0.117924787 0.431708544 0.444812387 0.775798559
1305031463.795647 -1.665061474 -0.351551622 0.152114630 -0.111283809 0.434375703 0.435015112 0.780830085
1305031463.827761 -1.657612562 -0.346972317 0.130842507 -0.112856790 0.435438573 0.425041467 0.785491168
1305031463.859910 -1.645062447 -0.345353484 0.107416332 -0.113094099 0.436537951 0.415686756 0.789841056
1305031463.895648 -1.647186756 -0.339606076 0.093470812 -0.108440869 0.441414028 0.404295385 0.793687284
1305031463.927664 -1.647514105 -0.342130274 0.087275445 -0.109902002 0.445267022 0.395685703 0.795670688
1305031463.959680 -1.632693291 -0.351421326 0.066690385 -0.110477544 0.440753639 0.393438637 0.799210250
1305031463.995821 -1.633477330 -0.353844762 0.056155503 -0.106544532 0.442453027 0.385031611 0.802891195
1305031464.027703 -1.634305477 -0.353151679 0.042881668 -0.103477597 0.442161709 0.378175914 0.806702197
1305031464.059652 -1.635257483 -0.361093044 0.031115472 -0.105419278 0.444233119 0.369153500 0.809487164
1305031464.095634 -1.631963849 -0.360377073 0.019208729 -0.102437600 0.447514564 0.358371705 0.812900364
1305031464.127681 -1.634116888 -0.361904055 0.013143182 -0.099172041 0.449638724 0.351226747 0.815248251
1305031464.159817 -1.630547762 -0.360965669 0.006286263 -0.092079878 0.448314548 0.347793132 0.818275869
1305031464.195585 -1.622543931 -0.363268733 -0.001593888 -0.082276672 0.444635004 0.342654794 0.823479176
1305031464.227624 -1.627655983 -0.364675760 -0.003351510 -0.069925599 0.440421373 0.335944027 0.829627097
1305031464.259644 -1.634562492 -0.367712826 -0.007853746 -0.060089160 0.431316674 0.333579957 0.836109817
1305031464.295667 -1.640459299 -0.367048055 -0.023864686 -0.052463889 0.416696757 0.330558836 0.845187664
1305031464.327866 -1.641788721 -0.371675193 -0.036151230 -0.050678469 0.405621618 0.325535923 0.852601469
1305031464.359684 -1.623974323 -0.360556483 -0.050574303 -0.042584110 0.392527729 0.321405828 0.860701382
1305031464.395611 -1.621008873 -0.353040069 -0.057650983 -0.036279652 0.388796896 0.310321152 0.866730452
1305031464.427634 -1.614778399 -0.351596028 -0.086370647 -0.036652587 0.383130759 0.303041369 0.871798933
1305031464.459689 -1.608976126 -0.353354245 -0.097046912 -0.037056360 0.381239355 0.293745160 0.875783741
1305031464.495633 -1.599349260 -0.350682378 -0.120020539 -0.034847651 0.374729216 0.289676130 0.880029261
1305031464.527574 -1.601523995 -0.352008820 -0.127374053 -0.034956340 0.376899272 0.281778187 0.881660998
1305031464.559703 -1.588831902 -0.351841211 -0.155798823 -0.040075004 0.369231433 0.272789627 0.887495399
1305031464.595698 -1.537255526 -0.357210487 -0.212830931 -0.046334904 0.355997860 0.263816953 0.895276129
1305031464.627672 -1.537944078 -0.360850602 -0.223240733 -0.040501054 0.368986696 0.252693087 0.893506944
1305031464.659749 -1.531692743 -0.356913507 -0.235882074 -0.034812514 0.380661219 0.236999214 0.893149853
1305031464.695663 -1.520164847 -0.372423589 -0.247684956 -0.032261249 0.390149266 0.219730482 0.893566668
1305031464.727652 -1.525758147 -0.377887607 -0.259015232 -0.020199051 0.398232043 0.198251307 0.895376801
1305031464.759740 -1.531728506 -0.372954547 -0.256788671 -0.009931503 0.402111053 0.174188256 0.898813963
1305031464.796021 -1.525456667 -0.373381019 -0.254668027 -0.006590507 0.398583770 0.152389571 0.904358923
1305031464.827759 -1.522535801 -0.380336404 -0.252575636 0.000773006 0.389814824 0.138703078 0.910387456
1305031464.859654 -1.523314118 -0.375278354 -0.253934324 0.007549169 0.374608696 0.124190561 0.918797135
1305031464.895817 -1.519011021 -0.377114832 -0.255303115 0.001458432 0.358633190 0.104843102 0.927571118
1305031464.927799 -1.506155610 -0.380647361 -0.261835396 -0.004062127 0.342697471 0.087795794 0.935325563
1305031464.959763 -1.474826932 -0.368878782 -0.267684937 -0.000695278 0.329289198 0.070657820 0.941581428
1305031464.995687 -1.468443155 -0.365513355 -0.266946673 0.002084850 0.327320725 0.051576875 0.943502307
1305031465.027823 -1.461037517 -0.362859160 -0.264014006 0.000805014 0.326045603 0.029615834 0.944889724
1305031465.059749 -1.450848103 -0.345533371 -0.246521652 0.006946903 0.320858240 0.008522412 0.947063506
1305031465.095700 -1.436082482 -0.304539561 -0.247053385 0.009104467 0.305752933 -0.006367512 0.952046037
1305031465.127664 -1.421719909 -0.291959107 -0.239411995 -0.007979915 0.289423317 -0.017298605 0.957011640
1305031465.159842 -1.409758329 -0.294449925 -0.238593325 -0.029490246 0.273109436 -0.020708945 0.961307824
1305031465.195564 -1.399958491 -0.290576309 -0.233322203 -0.043105256 0.261383623 -0.024944926 0.963949323
1305031465.227907 -1.387912750 -0.281030118 -0.230779022 -0.054581922 0.249462083 -0.027206015 0.966462255
1305031465.259807 -1.377985120 -0.280521810 -0.224114537 -0.067721859 0.239960909 -0.024016958 0.968119681
1305031465.295623 -1.363646984 -0.263084263 -0.215947166 -0.066686094 0.230987504 -0.016047807 0.970536053
1305031465.327674 -1.357001424 -0.255139291 -0.224355474 -0.070423216 0.217141107 -0.000650090 0.973596394
1305031465.359948 -1.347907782 -0.252498627 -0.218878850 -0.073212855 0.203509524 0.010441890 0.976275980
1305031465.395586 -1.334813714 -0.242234111 -0.219788507 -0.067695580 0.187337801 0.018442344 0.979786634
1305031465.427697 -1.295775533 -0.229659662 -0.239454016 -0.058400381 0.162107021 0.036842600 0.984354317
1305031465.460125 -1.276829243 -0.207766339 -0.243186295 -0.049183246 0.150954962 0.046100747 0.986239493
1305031465.495703 -1.255052447 -0.181363136 -0.252206296 -0.042137899 0.136637315 0.059348606 0.987943530
1305031465.527622 -1.248397350 -0.178957656 -0.252805114 -0.044394281 0.128826812 0.062415905 0.988704801
1305031465.559812 -1.221006393 -0.168984979 -0.267634660 -0.035946675 0.113743655 0.068862788 0.990468681
1305031465.595599 -1.200386167 -0.147358581 -0.277190268 -0.025720468 0.107301511 0.074891984 0.991068184
1305031465.627688 -1.201913476 -0.141803131 -0.288746953 -0.021648968 0.107119262 0.083578363 0.990490496
1305031465.660060 -1.178548574 -0.119894564 -0.295794904 -0.010764028 0.092834316 0.093353994 0.991237104
1305031465.695668 -1.161056995 -0.100261636 -0.297318578 -0.001155114 0.085433230 0.097066619 0.991603732
1305031465.727682 -1.132364988 -0.072906502 -0.303978354 0.012171962 0.076740406 0.104407959 0.991494715
1305031465.759766 -1.118882537 -0.051217753 -0.310197473 0.023986733 0.071207531 0.113471381 0.990695953
1305031465.795937 -1.108262658 -0.041616857 -0.319808096 0.028392017 0.068974696 0.118208110 0.990183413
1305031465.827996 -1.093500495 -0.022488002 -0.329386115 0.039969984 0.064326480 0.124043867 0.989382505
1305031465.859861 -1.079044461 0.001305962 -0.337864369 0.054814897 0.061521824 0.127712280 0.988382578
1305031465.895494 -1.056863070 0.037178457 -0.337003648 0.063775502 0.062219944 0.126831353 0.987914562
1305031465.927495 -1.040233493 0.045386672 -0.353203863 0.065435901 0.067082651 0.130315438 0.987033963
1305031465.959710 -1.031500459 0.064431846 -0.362737089 0.076300517 0.076302350 0.126856133 0.986034334
1305031465.995753 -1.028557301 0.070466027 -0.368507147 0.079114243 0.084222563 0.124268904 0.985497236
1305031466.027644 -1.021951675 0.105767198 -0.366259277 0.091988146 0.086255088 0.120671757 0.984650493
1305031466.059757 -1.017396688 0.122427002 -0.370503128 0.090633139 0.088684522 0.122321457 0.984356761
1305031466.095840 -1.008537650 0.147859499 -0.377006561 0.090611063 0.085149959 0.122835211 0.984606862
1305031466.127640 -1.005121946 0.158746496 -0.386478752 0.084557965 0.080038629 0.123254880 0.985521197
1305031466.160428 -0.996913433 0.180244237 -0.391903520 0.083893880 0.073357016 0.125685334 0.985790968
1305031466.195833 -0.996145487 0.191101760 -0.403770059 0.076788597 0.064683236 0.130419090 0.986362219
1305031466.227951 -0.986296654 0.203974888 -0.416878998 0.066562973 0.051716320 0.125502706 0.988505900
1305031466.259815 -0.979260743 0.204033569 -0.429208308 0.060029738 0.049109068 0.119633213 0.989784181
1305031466.295737 -0.969975591 0.214409024 -0.445786923 0.060143057 0.053334977 0.108468711 0.990844488
1305031466.327702 -0.951114476 0.228259578 -0.451897025 0.060454525 0.057917081 0.097303711 0.991727233
1305031466.359829 -0.947644889 0.232785225 -0.456920296 0.052340165 0.068829648 0.091431215 0.992050111
1305031466.395784 -0.945151985 0.228549227 -0.480240583 0.047023892 0.073761344 0.089509264 0.992137194
1305031466.427819 -0.942016602 0.236082464 -0.486610979 0.053726286 0.073092617 0.083946019 0.992332697
1305031466.459790 -0.937484682 0.242869347 -0.500488043 0.052308358 0.068416029 0.080273718 0.993045509
1305031466.495809 -0.928186655 0.248475462 -0.509567142 0.047218516 0.064444333 0.078914791 0.993674934
1305031466.527538 -0.903844595 0.261142284 -0.519467771 0.047324326 0.060052648 0.079509810 0.993897557
1305031466.560353 -0.898330808 0.267037064 -0.530594289 0.043650396 0.064623512 0.078526862 0.993857145
1305031466.595936 -0.885897100 0.279644340 -0.533990145 0.036463566 0.064083129 0.076864198 0.994311690
1305031466.627549 -0.876494408 0.275739133 -0.539204538 0.026391562 0.066642545 0.071543477 0.994858742
1305031466.659688 -0.863790452 0.281148523 -0.547806263 0.031584222 0.070392951 0.067698486 0.994718134
1305031466.695822 -0.857096195 0.295908481 -0.549517632 0.034996752 0.070073098 0.060472228 0.995092034
1305031466.728074 -0.846042752 0.296255082 -0.560540020 0.024226563 0.066714019 0.052759122 0.996081769
1305031466.759637 -0.827590585 0.298714548 -0.564533114 0.025355730 0.064715669 0.043230735 0.996644437
1305031466.795604 -0.823792815 0.304772258 -0.570567310 0.031374905 0.066000864 0.037045807 0.996637940
1305031466.827879 -0.810065031 0.316792160 -0.576275051 0.031595066 0.059582546 0.033457387 0.997162163
1305031466.859665 -0.804159164 0.315125644 -0.581301630 0.027968362 0.054541126 0.035348896 0.997493684
1305031466.895694 -0.800274849 0.321748763 -0.579594791 0.034571070 0.045765307 0.033191424 0.997801960
1305031466.927756 -0.789454162 0.326346934 -0.579252362 0.036825851 0.032896582 0.030819876 0.998304486
1305031466.959728 -0.775306582 0.325463802 -0.596020997 0.035738882 0.020296033 0.027685039 0.998771489
1305031466.995712 -0.758793414 0.332788348 -0.598616779 0.039082658 0.012041128 0.026178483 0.998820424
1305031467.027843 -0.749666810 0.335101128 -0.602864385 0.039255440 0.008162511 0.022025766 0.998953104
1305031467.059700 -0.736515343 0.338639647 -0.610308349 0.039116669 0.004358116 0.018939935 0.999045670
1305031467.095687 -0.725918472 0.343167096 -0.611769140 0.037312794 0.002717333 0.012568448 0.999220908
1305031467.128974 -0.715043962 0.345451683 -0.617371798 0.037069779 0.000053391 0.002741263 0.999308944
1305031467.159660 -0.703250468 0.349334717 -0.621531308 0.038840611 -0.003748655 -0.005699868 0.999222159
1305031467.195663 -0.693423748 0.352780610 -0.621446133 0.040766347 -0.009763776 -0.009727426 0.999073684
1305031467.227704 -0.689370155 0.352638990 -0.628663182 0.040361073 -0.015709883 -0.015551829 0.998940647
1305031467.259694 -0.681649327 0.355089366 -0.632582605 0.042374205 -0.020827569 -0.020967552 0.998664677
1305031467.295846 -0.673323810 0.359577447 -0.637502730 0.045253396 -0.026104830 -0.027475886 0.998256385
1305031467.328008 -0.659657061 0.364845276 -0.637609541 0.047928087 -0.034102261 -0.032650445 0.997734427
1305031467.359654 -0.648562312 0.371486336 -0.644333005 0.046723053 -0.041567691 -0.034170687 0.997457504
1305031467.395756 -0.634726346 0.373392016 -0.646338224 0.041384634 -0.051080786 -0.038510166 0.997093320
1305031467.427783 -0.629711509 0.373958021 -0.651363492 0.039357550 -0.056666955 -0.042620536 0.996706247
1305031467.459692 -0.616074860 0.378466159 -0.657720387 0.040694010 -0.063647285 -0.044536874 0.996147335
1305031467.496058 -0.601919591 0.383281767 -0.666122139 0.037025657 -0.073820755 -0.048712932 0.995392740
1305031467.527663 -0.593382239 0.384153038 -0.668606281 0.031106247 -0.077597767 -0.055480108 0.994953811
1305031467.559763 -0.588083863 0.384307116 -0.671247184 0.031162975 -0.077935271 -0.058242917 0.994767725
1305031467.595989 -0.583034217 0.385970205 -0.673210084 0.031506810 -0.078694537 -0.056240417 0.994812310
1305031467.627532 -0.571611643 0.385971904 -0.673282325 0.033786129 -0.084361576 -0.054997303 0.994342506
1305031467.659626 -0.562318742 0.387163043 -0.671546280 0.042624954 -0.090254262 -0.052251246 0.993633330
1305031467.695886 -0.547460675 0.385332614 -0.672035336 0.045549911 -0.094818771 -0.054384232 0.992963731
1305031467.727535 -0.543936491 0.383314639 -0.670934558 0.049214676 -0.094979711 -0.058749747 0.992524683
1305031467.759907 -0.536020637 0.380475014 -0.667386532 0.055784587 -0.096676566 -0.062345926 0.991793692
1305031467.796075 -0.528317332 0.375625849 -0.665640414 0.058632191 -0.101231523 -0.065802664 0.990951300
1305031467.827800 -0.526028097 0.366876334 -0.662314594 0.062039096 -0.102682687 -0.067162253 0.990503252
1305031467.859729 -0.519589782 0.360395223 -0.656363368 0.069367327 -0.105885766 -0.065671697 0.989779592
1305031467.895947 -0.505090773 0.360643923 -0.642327666 0.077310361 -0.115791738 -0.064718559 0.988143146
1305031467.927754 -0.501754224 0.352368116 -0.635774672 0.079521030 -0.121885717 -0.068698980 0.986965477
1305031467.959826 -0.482785881 0.348150253 -0.622758865 0.087282047 -0.130398870 -0.069785386 0.985143661
1305031467.995754 -0.473325133 0.350343704 -0.610058010 0.093025647 -0.133623466 -0.071151249 0.984087646
1305031468.028107 -0.465224713 0.341271579 -0.602540135 0.089603193 -0.135355920 -0.074592747 0.983913660
1305031468.059850 -0.462378234 0.330088228 -0.595471859 0.092741080 -0.136052638 -0.078713618 0.983205497
1305031468.095867 -0.451311380 0.328856915 -0.584153175 0.097125024 -0.141401038 -0.080662198 0.981868744
1305031468.127816 -0.435814857 0.315760374 -0.571478307 0.094142854 -0.146999240 -0.082936376 0.981147289
1305031468.159864 -0.426238507 0.304784149 -0.563832760 0.094733261 -0.149785206 -0.086018927 0.980403423
1305031468.195985 -0.419574350 0.300027847 -0.546924114 0.096001938 -0.151369318 -0.089032874 0.979767382
1305031468.228158 -0.414610237 0.293746263 -0.538183331 0.095352225 -0.149560988 -0.089091465 0.980103135
1305031468.259754 -0.407834411 0.285599381 -0.528801739 0.095493004 -0.148014680 -0.085492395 0.980644643
1305031468.295830 -0.386528194 0.261965662 -0.518037081 0.089265458 -0.151513994 -0.088347770 0.980443716
1305031468.327847 -0.372590482 0.242974550 -0.512050450 0.087298110 -0.151489198 -0.088470690 0.980613649
1305031468.359787 -0.357641131 0.227176309 -0.502040923 0.088769570 -0.151813030 -0.083586611 0.980859876
1305031468.395860 -0.355299592 0.224402472 -0.498356730 0.088118039 -0.149960339 -0.082016923 0.981336057
1305031468.428025 -0.349037439 0.209930182 -0.493476957 0.082593679 -0.150122017 -0.083245523 0.981688321
1305031468.459759 -0.345247984 0.200588718 -0.487943232 0.082268044 -0.150147974 -0.081844673 0.981829464
1305031468.495809 -0.338442534 0.188293800 -0.484269708 0.079829872 -0.148385197 -0.082068942 0.982279837
1305031468.527756 -0.333507329 0.173220217 -0.487327576 0.075541176 -0.146836340 -0.086347587 0.982484996
1305031468.559739 -0.338468194 0.152609736 -0.485093594 0.077703238 -0.144389302 -0.098128296 0.981572628
1305031468.595768 -0.330401123 0.146432534 -0.484290719 0.080713630 -0.147040367 -0.103494242 0.980384350
1305031468.627626 -0.330599993 0.127514929 -0.480920255 0.073112771 -0.148534268 -0.106890447 0.980391026
1305031468.659579 -0.332851291 0.112094983 -0.475199521 0.069189847 -0.151519597 -0.107990377 0.980098307
1305031468.695835 -0.326395422 0.069585063 -0.476907581 0.063652322 -0.160732076 -0.112072147 0.978546619
1305031468.727785 -0.327692777 0.067539483 -0.474533051 0.071165778 -0.166457161 -0.113270253 0.976932585
1305031468.759628 -0.326538414 0.060208518 -0.472252697 0.073162004 -0.171824887 -0.113583706 0.975818813
1305031468.795796 -0.326962292 0.037417941 -0.468928933 0.071423963 -0.174108177 -0.119401000 0.974847853
1305031468.829247 -0.327344418 0.032025013 -0.464904577 0.080457576 -0.176344231 -0.126022279 0.972906888
1305031468.859659 -0.325823009 0.027885830 -0.462635398 0.084234431 -0.176645100 -0.131186023 0.971849501
1305031468.895873 -0.322798252 0.019556666 -0.456123620 0.080740944 -0.173361778 -0.133622423 0.972405136
1305031468.928141 -0.326913774 0.009757986 -0.454170227 0.075684451 -0.165587112 -0.133317456 0.974206984
1305031468.959594 -0.329202950 0.011221061 -0.450244367 0.070923135 -0.159857973 -0.128520966 0.976164818
1305031468.995711 -0.329540581 0.014351345 -0.445729673 0.057418946 -0.158976302 -0.127074957 0.977385104
1305031469.027699 -0.333847046 0.006100220 -0.439216763 0.036273893 -0.156550080 -0.133887365 0.977880597
1305031469.059832 -0.334780335 0.001334669 -0.440242380 0.022600051 -0.156134129 -0.139397264 0.977588773
1305031469.095723 -0.343467176 -0.004488234 -0.433312088 0.008834086 -0.154621482 -0.147790059 0.976817429
1305031469.127679 -0.344059825 -0.009679075 -0.428721011 -0.005840370 -0.149655044 -0.157950014 0.976023078
1305031469.159703 -0.347095072 -0.005423667 -0.422345549 -0.012369700 -0.139489591 -0.166425899 0.976059496
1305031469.195540 -0.348353952 -0.007512474 -0.417760491 -0.020073306 -0.129575759 -0.171556145 0.976409614
1305031469.227754 -0.350281119 -0.009351669 -0.410299599 -0.025273688 -0.124250531 -0.173593253 0.976620913
1305031469.259586 -0.352705032 -0.010536269 -0.403897226 -0.030461682 -0.121625207 -0.177774221 0.976051092
1305031469.296754 -0.353066206 -0.011884496 -0.400175333 -0.036451027 -0.118058637 -0.178404838 0.976168692
1305031469.327618 -0.351780474 -0.011634022 -0.389140427 -0.041805338 -0.116464108 -0.180006206 0.975851536
1305031469.359592 -0.352609903 -0.010753342 -0.380539209 -0.049165294 -0.111731455 -0.184222475 0.975274801
1305031469.395695 -0.350047290 -0.021640586 -0.375245243 -0.057172552 -0.103096277 -0.189244375 0.974827707
1305031469.427651 -0.351777226 -0.017343201 -0.363171041 -0.056833576 -0.090817891 -0.195319757 0.974870384
1305031469.459668 -0.343487024 -0.061240781 -0.374954462 -0.076113820 -0.087889232 -0.204941034 0.971844316
1305031469.495744 -0.348748893 -0.057485681 -0.365384936 -0.078109138 -0.083488777 -0.207403630 0.971551538
1305031469.527622 -0.353546381 -0.053550642 -0.358755022 -0.083145268 -0.080834091 -0.209949210 0.970811009
1305031469.559645 -0.357244253 -0.048656363 -0.346254140 -0.090757363 -0.081463754 -0.210971445 0.969854593
1305031469.595755 -0.358930022 -0.043864924 -0.337505192 -0.101048745 -0.081281997 -0.209244043 0.969226122
1305031469.627752 -0.366658390 -0.030943541 -0.317037642 -0.110832438 -0.079578377 -0.208417326 0.968475997
1305031469.659590 -0.370905370 -0.022753634 -0.306407958 -0.116787039 -0.075766757 -0.209206149 0.967911720
1305031469.695613 -0.374016047 -0.012816303 -0.294348091 -0.122312017 -0.071941420 -0.208235547 0.967730463
1305031469.727679 -0.379913956 -0.005627322 -0.281741977 -0.130513012 -0.066026799 -0.207799584 0.967174351
1305031469.759599 -0.381785512 -0.000974337 -0.267066896 -0.140230164 -0.064466611 -0.203367397 0.966861546
1305031469.795621 -0.387250900 0.013447381 -0.252233177 -0.146665543 -0.063626431 -0.199886158 0.966688454
1305031469.827526 -0.389248013 0.019136157 -0.246090129 -0.154851064 -0.067846186 -0.196527228 0.965813220
1305031469.859574 -0.391919345 0.040076509 -0.233554482 -0.158647746 -0.071135938 -0.191836029 0.965903461
1305031469.895755 -0.397423297 0.050152034 -0.222908035 -0.165264443 -0.074393399 -0.190370306 0.964838028
1305031469.927854 -0.403221518 0.060188405 -0.213818893 -0.170133725 -0.079183027 -0.190088347 0.963665426
1305031469.959805 -0.415877223 0.082798474 -0.208922237 -0.169151247 -0.080625258 -0.181805849 0.965315521
1305031469.995551 -0.422368020 0.091221541 -0.202293783 -0.173577189 -0.085613176 -0.180484891 0.964347780
1305031470.027694 -0.431715727 0.100623161 -0.199941397 -0.177479595 -0.090340398 -0.181454107 0.963023424
1305031470.059638 -0.452249438 0.133923009 -0.208454043 -0.172713891 -0.087025449 -0.177264601 0.964973450
1305031470.095944 -0.461489499 0.141046628 -0.208431616 -0.176913261 -0.089452676 -0.176029667 0.964216530
1305031470.127633 -0.471937031 0.156094119 -0.210837841 -0.180388629 -0.091116458 -0.172860339 0.963990152
1305031470.159626 -0.490035504 0.174517170 -0.215865493 -0.181959942 -0.091857836 -0.170534894 0.964038730
1305031470.196092 -0.508377969 0.194805920 -0.227316409 -0.180638596 -0.092333332 -0.166233763 0.964992583
1305031470.227618 -0.521159410 0.206771433 -0.232855290 -0.184265390 -0.092542045 -0.161084190 0.965160191
1305031470.259965 -0.528865457 0.211496294 -0.232796311 -0.191392973 -0.097038500 -0.159744844 0.963552773
1305031470.295718 -0.541662931 0.219132528 -0.239423215 -0.198584110 -0.098070405 -0.158340290 0.962223947
1305031470.327644 -0.553416669 0.227241263 -0.243390486 -0.206210464 -0.101571091 -0.156192452 0.960606337
1305031470.359624 -0.589882135 0.254675061 -0.247754842 -0.207170665 -0.095579736 -0.149202093 0.962124527
1305031470.395823 -0.600787640 0.257269174 -0.255704761 -0.212904036 -0.101073198 -0.149166122 0.960315406
1305031470.427641 -0.634213924 0.290496975 -0.269129187 -0.205157772 -0.095936455 -0.146718830 0.962901950
1305031470.459721 -0.649897099 0.294767439 -0.272819281 -0.206201509 -0.100550398 -0.149005055 0.961856663
1305031470.495686 -0.653667688 0.293262154 -0.278141350 -0.207205847 -0.107647978 -0.149510935 0.960793555
1305031470.527689 -0.691214561 0.316407353 -0.294073015 -0.201623350 -0.099509820 -0.145293653 0.963501751
1305031470.559677 -0.705682755 0.319899440 -0.296931803 -0.204049349 -0.101387635 -0.145726800 0.962729573
1305031470.595760 -0.731418669 0.323262483 -0.299108267 -0.206624493 -0.098534718 -0.144648522 0.962639153
1305031470.627729 -0.739682257 0.322208434 -0.305145532 -0.211278841 -0.102246091 -0.141845971 0.961658359
1305031470.659690 -0.745924115 0.321226776 -0.309240162 -0.215013966 -0.106142946 -0.137986958 0.960969448
1305031470.695630 -0.756745279 0.321947873 -0.311684996 -0.219090849 -0.110477656 -0.136383042 0.959788322
1305031470.727654 -0.754722714 0.322648048 -0.302092969 -0.222087219 -0.119450532 -0.129474878 0.958981276
1305031470.759682 -0.756647229 0.320608646 -0.306320220 -0.224165142 -0.121918887 -0.125302777 0.958741426
1305031470.795615 -0.769431412 0.320248187 -0.302731663 -0.228919894 -0.120099902 -0.124699727 0.957925737
1305031470.827831 -0.778795600 0.323094845 -0.297693908 -0.225731790 -0.121029787 -0.121203698 0.959013402
1305031470.859645 -0.799697995 0.323578894 -0.301127464 -0.221631780 -0.117845953 -0.116298974 0.960971534
1305031470.895722 -0.804876506 0.318476588 -0.306620717 -0.219108179 -0.123088196 -0.112310424 0.961367428
1305031470.927684 -0.820796967 0.318753093 -0.308297932 -0.214411303 -0.124769524 -0.107820228 0.962722838
1305031470.959647 -0.820960045 0.295801312 -0.324819893 -0.211567476 -0.134732217 -0.095448725 0.963315189
1305031470.995996 -0.822484314 0.313775301 -0.315237761 -0.194729686 -0.141747370 -0.095424488 0.965858281
1305031471.027644 -0.825772345 0.314374596 -0.314584255 -0.183624908 -0.143821865 -0.092859469 0.967974365
1305031471.059636 -0.837695837 0.317780018 -0.310913175 -0.170782626 -0.142742306 -0.088709094 0.970870078
1305031471.095777 -0.841875315 0.319505841 -0.312170178 -0.160734415 -0.142064929 -0.084121600 0.973090708
1305031471.127663 -0.843659997 0.319020033 -0.312544614 -0.152902320 -0.145475104 -0.076199770 0.974500716
1305031471.159649 -0.862407923 0.321698755 -0.316020727 -0.145121768 -0.139954001 -0.070079483 0.976955175
1305031471.195703 -0.864506960 0.321831942 -0.318919063 -0.141755104 -0.139477715 -0.063731231 0.977951884
1305031471.227569 -0.865859985 0.319553912 -0.320637763 -0.141664594 -0.139512256 -0.057911459 0.978321970
1305031471.259722 -0.871793509 0.317261487 -0.323442549 -0.141866013 -0.138030007 -0.055280611 0.978655100
1305031471.296068 -0.879111767 0.314921975 -0.321905375 -0.140637919 -0.136058152 -0.050475124 0.979367912
1305031471.327642 -0.880926430 0.317187577 -0.321227044 -0.134911403 -0.133254856 -0.046611052 0.980749428
1305031471.359615 -0.883236051 0.314846307 -0.325692177 -0.134940132 -0.127718568 -0.044828292 0.981564879
1305031471.395730 -0.897795379 0.313829988 -0.321197659 -0.133561388 -0.118322305 -0.041486472 0.983076811
1305031471.427704 -0.902386069 0.313471287 -0.328464210 -0.128740132 -0.113636658 -0.034314089 0.984548271
1305031471.459647 -0.907859504 0.310509682 -0.336494982 -0.128577799 -0.114311449 -0.029294116 0.984653533
1305031471.496491 -0.916973710 0.310521901 -0.340488344 -0.128911003 -0.112363368 -0.026238868 0.984920323
1305031471.527624 -0.915784538 0.308330745 -0.344319195 -0.129244789 -0.113487549 -0.020753285 0.984878540
1305031471.559671 -0.913914859 0.306996107 -0.347371668 -0.129919872 -0.114560150 -0.018383630 0.984712601
1305031471.595702 -0.922579408 0.301991999 -0.354606956 -0.131772444 -0.107418783 -0.016617481 0.985302567
1305031471.627621 -0.924721181 0.299815625 -0.358811408 -0.132104799 -0.102998890 -0.015224777 0.985752404
1305031471.659642 -0.931721509 0.301336527 -0.362127006 -0.129215360 -0.096930511 -0.012088155 0.986793697
1305031471.695609 -0.931418359 0.300911665 -0.367689312 -0.127811790 -0.093230240 -0.006981888 0.987382174
1305031471.727501 -0.931989133 0.302354425 -0.369368613 -0.128728196 -0.090697654 -0.003351822 0.987518013
1305031471.759702 -0.936131954 0.301192880 -0.371645153 -0.130824417 -0.084948547 0.002468189 0.987756431
1305031471.795801 -0.932302892 0.301960826 -0.375389159 -0.130707949 -0.079921879 0.009337938 0.988150179
1305031471.827639 -0.941156745 0.305089116 -0.382133454 -0.134014547 -0.072013393 0.015271229 0.988241374
1305031471.859665 -0.941350222 0.305312157 -0.381669402 -0.139321595 -0.069242544 0.022172203 0.987574518
1305031471.895604 -0.941116154 0.304694563 -0.382886410 -0.145224616 -0.065534435 0.028938489 0.986801744
1305031471.927651 -0.942843854 0.308642447 -0.377956957 -0.151178494 -0.061807193 0.033031572 0.986019194
1305031471.959643 -0.942377567 0.307055175 -0.380058408 -0.154561937 -0.058072224 0.034504447 0.985671163
1305031471.995573 -0.942314923 0.307135552 -0.381263942 -0.156390935 -0.050641853 0.035368774 0.985761821
1305031472.027638 -0.949176848 0.312685728 -0.375156194 -0.164772004 -0.044784751 0.039923389 0.984505296
1305031472.059668 -0.955854237 0.312287658 -0.373747081 -0.168234065 -0.041393187 0.040435549 0.984047174
1305031472.095601 -0.967439592 0.313095599 -0.380255252 -0.169073090 -0.033214603 0.047701091 0.983888090
1305031472.127594 -0.962062836 0.314328343 -0.376433372 -0.175885424 -0.034648925 0.049061727 0.982576609
1305031472.159645 -0.963290930 0.313658118 -0.372435123 -0.179638863 -0.037805945 0.047793347 0.981843412
1305031472.195682 -0.967121661 0.312085122 -0.367443889 -0.177287832 -0.036314406 0.053420033 0.982037008
1305031472.227626 -0.973528922 0.315109134 -0.374670118 -0.173224092 -0.033824544 0.055945329 0.982710242
1305031472.263840 -0.974378884 0.314906180 -0.373361051 -0.170646727 -0.032713022 0.057953935 0.983082414
1305031472.295671 -0.973443389 0.313321888 -0.376657069 -0.163613349 -0.030468782 0.059932366 0.984230936
1305031472.327678 -0.973404467 0.312878221 -0.377775460 -0.158924535 -0.030644644 0.062278278 0.984847903
1305031472.363577 -0.974535108 0.310107708 -0.381749630 -0.159570500 -0.030686256 0.062264871 0.984742999
1305031472.395599 -0.979839027 0.310731471 -0.377195567 -0.158070907 -0.030918945 0.063679799 0.984887064
1305031472.427686 -0.980523050 0.307267904 -0.378951937 -0.156133458 -0.032912906 0.064931199 0.985049784
1305031472.463603 -0.978212416 0.309533745 -0.377415985 -0.152061522 -0.035388492 0.064878628 0.985604286
1305031472.495626 -0.976604104 0.304770201 -0.382924467 -0.152858406 -0.034018904 0.063172519 0.985640049
1305031472.527625 -0.978511930 0.301682621 -0.379512638 -0.152515203 -0.030132117 0.064498588 0.985733807
1305031472.563587 -0.973150134 0.297824949 -0.380562186 -0.146943733 -0.031228755 0.066486008 0.986413658
1305031472.595675 -0.972458541 0.297053218 -0.382799387 -0.141816571 -0.032446865 0.070222452 0.986865819
1305031472.627701 -0.972239792 0.295978576 -0.383525908 -0.140773401 -0.032154325 0.072392926 0.986867905
1305031472.663575 -0.973036647 0.299576968 -0.381656259 -0.136448726 -0.031639870 0.072301835 0.987498462
1305031472.695755 -0.968262255 0.292991281 -0.380363405 -0.136154696 -0.033083200 0.074557267 0.987323940
1305031472.727628 -0.966062367 0.288802445 -0.382813841 -0.133527264 -0.033294458 0.075701170 0.987588644
1305031472.763578 -0.966378033 0.288863331 -0.381568581 -0.129984558 -0.032224104 0.074172989 0.988212526
1305031472.795640 -0.963937819 0.283935666 -0.381240845 -0.129088700 -0.031089658 0.073112935 0.988445282
1305031472.827627 -0.959906876 0.290387690 -0.373318523 -0.122897469 -0.030014394 0.074708767 0.989148080
1305031472.863598 -0.962331653 0.289492428 -0.372466981 -0.120032832 -0.028931091 0.075052992 0.989506006
1305031472.895713 -0.962924480 0.286967844 -0.372998953 -0.120248802 -0.030109178 0.077525958 0.989253998
1305031472.927685 -0.962396204 0.283634394 -0.368219465 -0.121562846 -0.031366203 0.079235822 0.988918781
1305031472.963756 -0.962636948 0.278769165 -0.370373577 -0.122655854 -0.030365771 0.080897249 0.988680542
1305031472.995704 -0.970750272 0.280497670 -0.372094393 -0.121689886 -0.028375434 0.080719620 0.988873482
1305031473.027638 -0.969195127 0.282290339 -0.371068567 -0.121356450 -0.029680826 0.080892555 0.988862038
1305031473.063684 -0.965670049 0.279476762 -0.368938893 -0.123023272 -0.031694960 0.080491126 0.988626301
1305031473.095695 -0.965001285 0.278939068 -0.367902845 -0.122307688 -0.030623272 0.078094788 0.988941014
1305031473.127744 -0.966553509 0.277121186 -0.369263202 -0.123037092 -0.029341903 0.076997533 0.988975406
1305031473.167060 -0.967739046 0.275466383 -0.367841393 -0.122343950 -0.029483709 0.076511398 0.989094913
1305031473.196069 -0.964047730 0.276423961 -0.367161840 -0.120724328 -0.030878831 0.076869681 0.989223599
