1305031452.791720 0.0000000 0.0000000 0.0000000 -0.0000000 -0.0000000 -0.0000000 1.0000000
1305031452.823674 0.0007921 -0.0058116 0.0059446 -0.0028638 0.0116441 0.0155071 0.9998078
1305031452.859642 0.0079326 -0.0009814 0.0080009 0.0014961 0.0193491 0.0314173 0.9993179
1305031452.891726 0.0078295 0.0153160 0.0094448 0.0052081 0.0281076 0.0415760 0.9987263
1305031453.023650 0.0216082 0.0275740 0.0043920 0.0087366 0.0489372 0.0475538 0.9976310
1305031453.091704 0.0246975 0.0370588 -0.0002189 0.0120593 0.0774679 0.0502517 0.9956546
1305031453.159673 0.0232975 0.0472832 -0.0098755 0.0155174 0.1053718 0.0519483 0.9929539
1305031453.191726 0.0256180 0.0535416 -0.0194521 0.0167805 0.1177019 0.0514758 0.9915720
1305031453.291696 0.0227114 0.0596434 -0.0325017 0.0174734 0.1549013 0.0621420 0.9858188
1305031453.359684 0.0134316 0.0765855 -0.0422482 0.0282602 0.1819895 0.0776341 0.9798235
1305031453.491698 0.0066048 0.0932666 -0.0714779 0.0426822 0.2068270 0.1146641 0.9706972
1305031453.627706 -0.0346361 0.1085792 -0.1023318 0.0732623 0.2290787 0.1319324 0.9616390
1305031453.727652 -0.0772365 0.1304698 -0.1346105 0.0915813 0.2188088 0.1154767 0.9645728
1305031453.859705 -0.1409144 0.1520864 -0.1667640 0.1004448 0.1886626 0.0805992 0.9735610
1305031453.927723 -0.1581840 0.1598996 -0.1722079 0.0977898 0.1527141 0.0695730 0.9809563
1305031454.027662 -0.1936011 0.1585286 -0.1614771 0.0930179 0.1146244 0.0408732 0.9881995
1305031454.091651 -0.2108882 0.1624727 -0.1552023 0.0920844 0.0919701 0.0150911 0.9913800
1305031454.159672 -0.2185370 0.1661756 -0.1485578 0.0947735 0.0593190 -0.0112229 0.9936666
1305031454.227671 -0.2256917 0.1645950 -0.1364702 0.0918400 0.0205528 -0.0444394 0.9945693
1305031454.291639 -0.2341156 0.1707646 -0.1314890 0.0939078 -0.0010814 -0.0721563 0.9929621
1305031454.359636 -0.2447166 0.1709647 -0.1281501 0.0977448 -0.0240989 -0.1033923 0.9895329
1305031454.427465 -0.2524672 0.1742507 -0.1220372 0.0970369 -0.0462047 -0.1295021 0.9857374
1305031454.491617 -0.2553138 0.1786755 -0.1175978 0.0979444 -0.0641750 -0.1633403 0.9795960
1305031454.559575 -0.2650717 0.1886698 -0.1194295 0.0915549 -0.0764754 -0.1930758 0.9739050
1305031454.627580 -0.2767705 0.1982498 -0.1237422 0.0840969 -0.0996244 -0.2242121 0.9657803
1305031454.691884 -0.2767949 0.2023618 -0.1269030 0.0683097 -0.1297810 -0.2378914 0.9601554
1305031454.759732 -0.2639590 0.2050257 -0.1261663 0.0562097 -0.1564809 -0.2346441 0.9577559
1305031454.859620 -0.2560162 0.2144715 -0.1308985 0.0411220 -0.1589122 -0.2121439 0.9633540
1305031454.927567 -0.2574876 0.2230354 -0.1331083 0.0328977 -0.1465543 -0.1974531 0.9687372
1305031454.991937 -0.2671731 0.2404817 -0.1451867 0.0297353 -0.1345136 -0.1855194 0.9729360
1305031455.159720 -0.2915065 0.2673020 -0.1614440 0.0282983 -0.1152754 -0.1766753 0.9770858
1305031455.259631 -0.3171790 0.2828174 -0.1739178 0.0229560 -0.1009134 -0.1596898 0.9817274
1305031455.391665 -0.3499901 0.2905664 -0.1785008 -0.0103795 -0.0856295 -0.1189010 0.9891524
1305031455.459589 -0.3722507 0.2947634 -0.1717537 -0.0192643 -0.0756331 -0.0978348 0.9921376
1305031455.527610 -0.3926654 0.2948467 -0.1731333 -0.0252588 -0.0690352 -0.0745939 0.9945008
1305031455.591645 -0.4170597 0.2970788 -0.1809867 -0.0250918 -0.0715729 -0.0466421 0.9960282
1305031455.659615 -0.4361272 0.2919067 -0.1826236 -0.0247872 -0.0702141 -0.0270927 0.9968559
1305031455.727628 -0.4646012 0.2920872 -0.1841449 -0.0174043 -0.0640717 -0.0343509 0.9972020
1305031455.827590 -0.4862637 0.2848144 -0.2025663 -0.0103030 -0.0544391 -0.0369695 0.9977793
1305031455.959716 -0.5051967 0.2774275 -0.2178257 -0.0071170 -0.0510471 -0.0429421 0.9977472
1305031456.027770 -0.5163099 0.2784617 -0.2173284 -0.0118197 -0.0426051 -0.0486298 0.9978378
1305031456.127645 -0.5302517 0.2672072 -0.2243580 -0.0283148 -0.0336371 -0.0614115 0.9971436
1305031456.227678 -0.5378358 0.2632510 -0.2209208 -0.0169091 -0.0156542 -0.0555323 0.9981910
1305031456.291675 -0.5450809 0.2521699 -0.2130042 -0.0166362 0.0040471 -0.0475706 0.9987211
1305031456.459610 -0.5868583 0.2414753 -0.2125300 -0.0006438 0.0579394 -0.0196563 0.9981264
1305031456.559608 -0.6006107 0.2364821 -0.1867015 -0.0142710 0.0533728 -0.0028743 0.9984686
1305031456.627612 -0.6151141 0.2413364 -0.1786527 -0.0263024 0.0612722 0.0124765 0.9976965
1305031456.759615 -0.6408269 0.2246044 -0.1495957 -0.0506548 0.0645421 0.0471171 0.9955142
1305031456.827603 -0.6566774 0.2325729 -0.1344598 -0.0440213 0.0539470 0.0599174 0.9957719
1305031456.927690 -0.6650084 0.2274325 -0.1179482 -0.0503566 0.0571407 0.0772646 0.9940972
1305031457.059621 -0.7020250 0.2206264 -0.1145051 -0.0723025 0.0760450 0.0928427 0.9901363
1305031457.091655 -0.7136633 0.2105018 -0.1153378 -0.0853320 0.0809765 0.0975836 0.9882504
1305031457.227543 -0.7504306 0.1900288 -0.1323019 -0.0941818 0.1019085 0.1218639 0.9827989
1305031457.391684 -0.7819379 0.1820216 -0.1458982 -0.0729997 0.1416014 0.1519124 0.9754705
1305031457.491705 -0.8089797 0.1707775 -0.1636351 -0.0669360 0.1507466 0.1667766 0.9721012
1305031457.559685 -0.8194910 0.1712053 -0.1763516 -0.0544330 0.1544139 0.1709361 0.9715834
1305031457.659632 -0.8433203 0.1674793 -0.1933636 -0.0439979 0.1597334 0.1776575 0.9700450
1305031457.759556 -0.8668686 0.1442764 -0.2074462 -0.0482223 0.1615009 0.1794922 0.9692134
1305031457.791567 -0.8733723 0.1324528 -0.2148891 -0.0423701 0.1655305 0.1786745 0.9689581
1305031457.891593 -0.8925503 0.1208661 -0.2259965 -0.0204594 0.1884885 0.1777263 0.9656432
1305031457.959632 -0.9079863 0.1189420 -0.2294037 0.0028003 0.1928781 0.1831659 0.9639712
1305031458.059689 -0.9309005 0.0981182 -0.2421498 0.0230936 0.2007998 0.1871019 0.9613215
1305031458.191646 -0.9806908 0.0713429 -0.2160269 0.0211898 0.2173592 0.1957714 0.9560228
1305031458.259934 -0.9983861 0.0358303 -0.2032509 0.0038234 0.2129695 0.1971238 0.9569596
1305031458.327628 -1.0193657 0.0275789 -0.1804276 0.0163638 0.2070841 0.1978322 0.9579723
1305031458.391626 -1.0441601 -0.0012859 -0.1641356 0.0317080 0.2044142 0.2018117 0.9573304
1305031458.491696 -1.0403585 -0.0113101 -0.1289859 0.0716995 0.2201762 0.2132462 0.9491616
1305031458.591641 -1.0799150 -0.0000930 -0.0817439 0.1087587 0.2571009 0.1981467 0.9395790
1305031458.691674 -1.1010051 0.0124725 -0.0358000 0.1011628 0.2412421 0.1859380 0.9470984
1305031458.827564 -1.0949087 0.0235879 0.0192115 0.1035082 0.1875662 0.1535353 0.9646408
1305031458.991647 -1.1138601 -0.0102713 0.0560438 0.0962694 0.2065236 0.1641551 0.9597569
1305031459.059631 -1.1571766 -0.0394515 0.0624636 0.1117459 0.2053541 0.1743685 0.9565240
1305031459.127618 -1.2062675 -0.0682672 0.0884734 0.1378932 0.1770653 0.1875181 0.9562795
1305031459.259760 -1.2564414 -0.0803186 0.1053819 0.1596114 0.1225638 0.2153203 0.9555833
1305031459.327632 -1.2318605 -0.0562403 0.1493698 0.1624437 0.1415225 0.2409308 0.9463275
1305031459.391667 -1.2520654 -0.0444544 0.1562578 0.1631199 0.1878273 0.2868534 0.9251097
1305031459.427646 -1.2706447 -0.0398244 0.1743056 0.1528116 0.2235772 0.3187731 0.9083202
1305031459.459679 -1.2896820 -0.0485645 0.1836856 0.1488703 0.2624797 0.3563847 0.8842692
1305031459.491555 -1.4059794 -0.0860946 0.1388545 0.1308861 0.3102304 0.3862458 0.8587434
1305031459.527594 -1.4392525 -0.1021650 0.1667956 0.1176895 0.3368499 0.4140703 0.8373930
1305031459.559647 -1.4658418 -0.1636687 0.1492484 0.0962605 0.3542376 0.4450113 0.8168321
1305031459.691604 -1.5505655 -0.2007014 0.2574110 0.0900265 0.3992318 0.4725692 0.7805047
1305031459.791650 -1.5658782 -0.2187851 0.2716720 0.0898625 0.4042491 0.4675606 0.7809574
1305031459.859660 -1.5995800 -0.2723281 0.3187923 0.0828136 0.4121177 0.4655786 0.7788052
1305031459.927607 -1.6029994 -0.3219876 0.3570214 0.0762807 0.4082382 0.4729497 0.7770723
1305031459.991725 -1.6121540 -0.3627466 0.3981530 0.0729086 0.4094507 0.4804676 0.7721304
1305031460.059659 -1.6093395 -0.4125708 0.4329437 0.0695850 0.4138740 0.4858598 0.7666855
1305031460.127690 -1.6059879 -0.4642640 0.4654627 0.0776671 0.4053012 0.5009941 0.7607257
1305031460.191559 -1.5991138 -0.4842131 0.5000787 0.0899160 0.3939469 0.5131773 0.7572119
1305031460.291689 -1.5720454 -0.5110720 0.5261429 0.0900803 0.4085332 0.5134683 0.7492240
1305031460.359630 -1.5606817 -0.5287817 0.5542073 0.0891822 0.4277022 0.5130883 0.7388218
1305031460.459620 -1.5407999 -0.5595485 0.5801108 0.0789495 0.4586306 0.5211800 0.7153995
1305031460.527570 -1.5288857 -0.5761809 0.6124775 0.0663749 0.4835881 0.5333963 0.6908150
1305031460.627625 -1.5116591 -0.6080443 0.6436929 0.0506427 0.5099250 0.5363347 0.6706392
1305031460.727675 -1.4964991 -0.6304331 0.6947928 0.0417863 0.5280091 0.5337747 0.6592001
1305031460.827660 -1.4723046 -0.6471592 0.7405059 0.0304856 0.5408120 0.5266309 0.6551740
1305031460.927562 -1.4447176 -0.6668718 0.7795668 0.0110034 0.5504374 0.5223107 0.6512213
1305031460.991668 -1.4120755 -0.6798087 0.7991704 0.0064527 0.5553328 0.5223578 0.6470751
1305031461.059662 -1.3898971 -0.6980297 0.8272194 0.0102222 0.5621961 0.5198392 0.6431161
1305031461.159720 -1.3465854 -0.7081534 0.8484302 0.0069178 0.5629029 0.5153266 0.6461664
1305031461.291656 -1.3170167 -0.7113478 0.8730755 0.0122937 0.5680806 0.4954703 0.6569952
1305031461.391708 -1.2878913 -0.7049291 0.8851326 0.0001035 0.5714937 0.4900928 0.6581823
1305031461.559677 -1.2580860 -0.7030673 0.8781451 -0.0058126 0.5735333 0.4856854 0.6596480
1305031461.659622 -1.2564509 -0.6943704 0.8662766 -0.0155883 0.5888746 0.4792293 0.6506327
1305031461.759684 -1.2611010 -0.6847988 0.8498791 -0.0192569 0.5913257 0.4923077 0.6384327
1305031461.859767 -1.2840974 -0.6454361 0.8253386 -0.0183149 0.5964267 0.5049646 0.6236589
1305031461.959703 -1.3049462 -0.6219647 0.7783792 -0.0270566 0.5842558 0.5355507 0.6091787
1305031462.027675 -1.3803566 -0.6684145 0.6860116 -0.0277621 0.5601753 0.5717530 0.5987750
1305031462.159646 -1.5079920 -0.5737602 0.5309783 0.0111919 0.4942077 0.6113988 0.6179199
1305031462.327540 -1.5241239 -0.5687813 0.5339741 -0.0323424 0.4784751 0.6200126 0.6209670
1305031462.427635 -1.5396500 -0.5813791 0.5499004 -0.0709632 0.4607377 0.6183400 0.6327248
1305031462.559862 -1.5672035 -0.5802026 0.5612586 -0.1096076 0.4245108 0.6121585 0.6580568
1305031462.759782 -1.6285455 -0.5440437 0.5500560 -0.1304249 0.4085780 0.5566207 0.7114962
1305031462.859782 -1.6571093 -0.5176838 0.5187538 -0.1398877 0.3928047 0.5435505 0.7284839
1305031462.959676 -1.6792393 -0.4958717 0.4736705 -0.1428128 0.3904864 0.5394956 0.7321676
1305031463.059810 -1.6939261 -0.4846731 0.4466866 -0.1331287 0.3922935 0.5249310 0.7435254
1305031463.195657 -1.7112358 -0.4494078 0.3948250 -0.1290317 0.3909461 0.4942804 0.7656362
1305031463.260034 -1.7087564 -0.4302771 0.3641745 -0.1251173 0.3912154 0.4874008 0.7705432
1305031463.427716 -1.7099082 -0.3972858 0.3169142 -0.1188985 0.3908837 0.4715272 0.7814955
1305031463.559751 -1.7029655 -0.3731916 0.2750230 -0.1228406 0.4110531 0.4648880 0.7744834
1305031463.695640 -1.6981307 -0.3679126 0.2162488 -0.1161187 0.4231907 0.4554441 0.7745946
1305031463.759674 -1.6824187 -0.3720892 0.1744771 -0.1179248 0.4317085 0.4448124 0.7757986
1305031463.795647 -1.6650610 -0.3515516 0.1521145 -0.1112838 0.4343757 0.4350151 0.7808301
1305031463.827761 -1.6576128 -0.3469723 0.1308426 -0.1128568 0.4354386 0.4250415 0.7854912
1305031463.859910 -1.6450622 -0.3453535 0.1074162 -0.1130941 0.4365380 0.4156868 0.7898411
1305031463.895648 -1.6471869 -0.3396062 0.0934709 -0.1084409 0.4414140 0.4042954 0.7936873
1305031463.959680 -1.6326931 -0.3514213 0.0666904 -0.1104775 0.4407536 0.3934386 0.7992103
1305031464.027703 -1.6343052 -0.3531518 0.0428817 -0.1034776 0.4421617 0.3781759 0.8067022
1305031464.095634 -1.6319636 -0.3603770 0.0192088 -0.1024376 0.4475146 0.3583717 0.8129004
1305031464.195585 -1.6225441 -0.3632688 -0.0015939 -0.0822767 0.4446350 0.3426548 0.8234792
1305031464.295667 -1.6404591 -0.3670480 -0.0238647 -0.0524639 0.4166968 0.3305588 0.8451877
1305031464.359684 -1.6239743 -0.3605565 -0.0505744 -0.0425841 0.3925277 0.3214058 0.8607014
1305031464.495633 -1.5993493 -0.3506824 -0.1200205 -0.0348476 0.3747292 0.2896761 0.8800293
1305031464.595698 -1.5372555 -0.3572104 -0.2128309 -0.0463349 0.3559979 0.2638170 0.8952761
1305031464.695663 -1.5201650 -0.3724236 -0.2476849 -0.0322612 0.3901493 0.2197305 0.8935667
1305031464.827759 -1.5225356 -0.3803364 -0.2525754 0.0007730 0.3898148 0.1387031 0.9103875
1305031464.959763 -1.4748269 -0.3688788 -0.2676849 -0.0006953 0.3292892 0.0706578 0.9415814
1305031465.095700 -1.4360826 -0.3045396 -0.2470533 0.0091045 0.3057529 -0.0063675 0.9520460
1305031465.159842 -1.4097583 -0.2944500 -0.2385933 -0.0294902 0.2731094 -0.0207089 0.9613078
1305031465.227907 -1.3879128 -0.2810301 -0.2307790 -0.0545819 0.2494621 -0.0272060 0.9664623
1305031465.327674 -1.3570013 -0.2551393 -0.2243555 -0.0704232 0.2171411 -0.0006501 0.9735964
1305031465.427697 -1.2957755 -0.2296597 -0.2394540 -0.0584004 0.1621070 0.0368426 0.9843543
1305031465.495703 -1.2550524 -0.1813632 -0.2522063 -0.0421379 0.1366373 0.0593486 0.9879435
1305031465.559812 -1.2210064 -0.1689850 -0.2676347 -0.0359467 0.1137436 0.0688628 0.9904687
1305031465.660060 -1.1785486 -0.1198946 -0.2957949 -0.0107640 0.0928343 0.0933540 0.9912371
1305031465.759766 -1.1188825 -0.0512177 -0.3101975 0.0239867 0.0712075 0.1134714 0.9906960
1305031465.827996 -1.0935005 -0.0224880 -0.3293861 0.0399700 0.0643265 0.1240439 0.9893825
1305031465.895494 -1.0568631 0.0371785 -0.3370036 0.0637755 0.0622199 0.1268314 0.9879146
1305031465.959710 -1.0315003 0.0644319 -0.3627371 0.0763005 0.0763023 0.1268561 0.9860343
1305031466.027644 -1.0219517 0.1057672 -0.3662593 0.0919881 0.0862551 0.1206718 0.9846505
1305031466.095840 -1.0085377 0.1478595 -0.3770066 0.0906111 0.0851500 0.1228352 0.9846069
1305031466.160428 -0.9969134 0.1802443 -0.3919035 0.0838939 0.0733570 0.1256853 0.9857910
1305031466.227951 -0.9862965 0.2039749 -0.4168790 0.0665630 0.0517163 0.1255027 0.9885059
1305031466.327702 -0.9511145 0.2282596 -0.4518971 0.0604545 0.0579171 0.0973037 0.9917272
1305031466.395784 -0.9451520 0.2285492 -0.4802406 0.0470239 0.0737613 0.0895093 0.9921372
1305031466.527538 -0.9038446 0.2611423 -0.5194678 0.0473243 0.0600527 0.0795098 0.9938976
1305031466.595936 -0.8858972 0.2796444 -0.5339901 0.0364636 0.0640831 0.0768642 0.9943117
1305031466.659688 -0.8637905 0.2811485 -0.5478063 0.0315842 0.0703930 0.0676985 0.9947181
1305031466.759637 -0.8275906 0.2987146 -0.5645331 0.0253557 0.0647157 0.0432307 0.9966444
1305031466.827879 -0.8100650 0.3167922 -0.5762751 0.0315951 0.0595826 0.0334574 0.9971622
1305031466.895694 -0.8002749 0.3217488 -0.5795949 0.0345711 0.0457653 0.0331914 0.9978020
1305031466.995712 -0.7587934 0.3327883 -0.5986168 0.0390827 0.0120411 0.0261785 0.9988204
1305031467.095687 -0.7259185 0.3431671 -0.6117691 0.0373128 0.0027173 0.0125684 0.9992209
1305031467.195663 -0.6934237 0.3527806 -0.6214461 0.0407663 -0.0097638 -0.0097274 0.9990737
1305031467.328008 -0.6596571 0.3648453 -0.6376095 0.0479281 -0.0341023 -0.0326504 0.9977344
1305031467.427783 -0.6297116 0.3739580 -0.6513635 0.0393576 -0.0566670 -0.0426205 0.9967062
1305031467.559763 -0.5880839 0.3843071 -0.6712472 0.0311630 -0.0779353 -0.0582429 0.9947677
1305031467.695886 -0.5474607 0.3853326 -0.6720353 0.0455499 -0.0948188 -0.0543842 0.9929637
1305031467.827800 -0.5260281 0.3668763 -0.6623146 0.0620391 -0.1026827 -0.0671623 0.9905033
1305031467.995754 -0.4733251 0.3503437 -0.6100581 0.0930256 -0.1336235 -0.0711512 0.9840876
1305031468.195985 -0.4195744 0.3000278 -0.5469241 0.0960019 -0.1513693 -0.0890329 0.9797674
1305031468.295830 -0.3865281 0.2619657 -0.5180371 0.0892655 -0.1515140 -0.0883478 0.9804437
1305031468.359787 -0.3576411 0.2271763 -0.5020409 0.0887696 -0.1518130 -0.0835866 0.9808599
1305031468.495809 -0.3384424 0.1882938 -0.4842697 0.0798299 -0.1483852 -0.0820689 0.9822798
1305031468.627626 -0.3306000 0.1275149 -0.4809203 0.0731128 -0.1485343 -0.1068904 0.9803910
1305031468.695835 -0.3263955 0.0695851 -0.4769076 0.0636523 -0.1607321 -0.1120721 0.9785466
1305031468.795796 -0.3269623 0.0374179 -0.4689289 0.0714240 -0.1741082 -0.1194010 0.9748479
1305031468.928141 -0.3269138 0.0097580 -0.4541702 0.0756845 -0.1655871 -0.1333175 0.9742070
1305031469.027699 -0.3338470 0.0061002 -0.4392168 0.0362739 -0.1565501 -0.1338874 0.9778806
1305031469.095723 -0.3434672 -0.0044882 -0.4333121 0.0088341 -0.1546215 -0.1477901 0.9768174
1305031469.159703 -0.3470950 -0.0054237 -0.4223455 -0.0123697 -0.1394896 -0.1664259 0.9760595
1305031469.227754 -0.3502811 -0.0093517 -0.4102996 -0.0252737 -0.1242505 -0.1735933 0.9766209
1305031469.296754 -0.3530662 -0.0118845 -0.4001754 -0.0364510 -0.1180586 -0.1784048 0.9761687
1305031469.395695 -0.3500473 -0.0216406 -0.3752452 -0.0571726 -0.1030963 -0.1892444 0.9748277
1305031469.459668 -0.3434871 -0.0612408 -0.3749545 -0.0761138 -0.0878892 -0.2049410 0.9718443
1305031469.527622 -0.3535464 -0.0535506 -0.3587550 -0.0831453 -0.0808341 -0.2099492 0.9708110
1305031469.627752 -0.3666584 -0.0309435 -0.3170376 -0.1108324 -0.0795784 -0.2084173 0.9684760
1305031469.759599 -0.3817855 -0.0009743 -0.2670669 -0.1402302 -0.0644666 -0.2033674 0.9668615
1305031469.859574 -0.3919194 0.0400765 -0.2335545 -0.1586477 -0.0711359 -0.1918360 0.9659035
1305031469.959805 -0.4158772 0.0827985 -0.2089223 -0.1691512 -0.0806253 -0.1818058 0.9653155
1305031470.059638 -0.4522494 0.1339230 -0.2084540 -0.1727139 -0.0870254 -0.1772646 0.9649734
1305031470.127633 -0.4719370 0.1560941 -0.2108378 -0.1803886 -0.0911165 -0.1728603 0.9639902
1305031470.227618 -0.5211595 0.2067714 -0.2328553 -0.1842654 -0.0925420 -0.1610842 0.9651602
1305031470.295718 -0.5416629 0.2191326 -0.2394232 -0.1985841 -0.0980704 -0.1583403 0.9622239
1305031470.359624 -0.5898821 0.2546751 -0.2477548 -0.2071707 -0.0955797 -0.1492021 0.9621245
1305031470.427641 -0.6342139 0.2904969 -0.2691292 -0.2051578 -0.0959365 -0.1467188 0.9629019
1305031470.527689 -0.6912146 0.3164074 -0.2940730 -0.2016234 -0.0995098 -0.1452937 0.9635018
1305031470.595760 -0.7314187 0.3232625 -0.2991082 -0.2066245 -0.0985347 -0.1446485 0.9626391
1305031470.659690 -0.7459241 0.3212268 -0.3092401 -0.2150140 -0.1061429 -0.1379870 0.9609694
1305031470.727654 -0.7547227 0.3226480 -0.3020930 -0.2220872 -0.1194505 -0.1294749 0.9589813
1305031470.795615 -0.7694314 0.3202482 -0.3027317 -0.2289199 -0.1200999 -0.1246997 0.9579257
1305031470.859645 -0.7996981 0.3235789 -0.3011274 -0.2216318 -0.1178460 -0.1162990 0.9609715
1305031470.927684 -0.8207970 0.3187531 -0.3082979 -0.2144113 -0.1247695 -0.1078202 0.9627228
1305031470.995996 -0.8224843 0.3137754 -0.3152377 -0.1947297 -0.1417474 -0.0954245 0.9658583
1305031471.095777 -0.8418753 0.3195058 -0.3121701 -0.1607344 -0.1420649 -0.0841216 0.9730907
1305031471.159649 -0.8624080 0.3216988 -0.3160208 -0.1451218 -0.1399540 -0.0700795 0.9769552
1305031471.259722 -0.8717935 0.3172615 -0.3234426 -0.1418660 -0.1380300 -0.0552806 0.9786551
1305031471.327642 -0.8809264 0.3171876 -0.3212270 -0.1349114 -0.1332549 -0.0466111 0.9807494
1305031471.427704 -0.9023861 0.3134713 -0.3284642 -0.1287401 -0.1136367 -0.0343141 0.9845483
1305031471.659642 -0.9317215 0.3013365 -0.3621270 -0.1292154 -0.0969305 -0.0120882 0.9867937
1305031471.827639 -0.9411567 0.3050891 -0.3821335 -0.1340145 -0.0720134 0.0152712 0.9882414
1305031471.927651 -0.9428439 0.3086424 -0.3779569 -0.1511785 -0.0618072 0.0330316 0.9860192
1305031472.027638 -0.9491768 0.3126857 -0.3751562 -0.1647720 -0.0447848 0.0399234 0.9845053
1305031472.127594 -0.9620628 0.3143284 -0.3764334 -0.1758854 -0.0346489 0.0490617 0.9825766
1305031472.227626 -0.9735290 0.3151091 -0.3746701 -0.1732241 -0.0338245 0.0559453 0.9827102
1305031472.395599 -0.9798390 0.3107314 -0.3771955 -0.1580709 -0.0309189 0.0636798 0.9848871
1305031472.563587 -0.9731501 0.2978249 -0.3805622 -0.1469437 -0.0312288 0.0664860 0.9864137
1305031472.827627 -0.9599069 0.2903877 -0.3733185 -0.1228975 -0.0300144 0.0747088 0.9891481
1305031472.995704 -0.9707503 0.2804977 -0.3720944 -0.1216899 -0.0283754 0.0807196 0.9888735
