1305031453.359684 0.000000000 0.000000000 0.000000000 -0.000000000 -0.000000000 -0.000000000 1.000000000
1305031453.391690 0.002095565 0.005112431 -0.009582598 -0.000370282 0.006323346 0.012206452 0.999905467
1305031453.423683 0.005579091 0.007256794 -0.017679716 0.000664980 0.010741161 0.021337703 0.999714434
1305031453.459685 0.009849645 0.012254410 -0.028148375 0.004861886 0.017237840 0.030323723 0.999379694
1305031453.491698 0.014526600 0.014906269 -0.039415248 0.008251606 0.023003871 0.040171526 0.998893857
1305031453.523684 0.013969960 0.022176631 -0.052437376 0.016254511 0.028478380 0.049434733 0.998238921
1305031453.559753 0.012916728 0.029405266 -0.066060290 0.024235306 0.031983223 0.056373980 0.997602999
1305031453.591640 0.012614412 0.036787342 -0.082422681 0.032072235 0.034865819 0.060587194 0.997038126
1305031453.627706 0.003052318 0.043511070 -0.098734379 0.039168529 0.038162600 0.064280033 0.996432424
1305031453.659600 -0.007625762 0.051255420 -0.115139641 0.047130093 0.036589496 0.062388610 0.996266842
1305031453.691678 -0.015223237 0.059763972 -0.127386436 0.054148041 0.032262169 0.057676706 0.996343613
1305031453.727652 -0.027812976 0.071960777 -0.142809078 0.059933607 0.029048435 0.052097883 0.996418595
1305031453.759694 -0.045944378 0.079797931 -0.155715004 0.064731024 0.023752477 0.044574231 0.996623755
1305031453.791716 -0.046257809 0.089653619 -0.170865625 0.069618553 0.011823011 0.036497049 0.996835709
1305031453.827773 -0.057861771 0.094935760 -0.183389008 0.071415655 0.005214917 0.030494576 0.996966779
1305031453.859705 -0.088622488 0.104874127 -0.192294627 0.074013926 -0.000363124 0.021785414 0.997019172
1305031453.891710 -0.100249782 0.113003537 -0.200809330 0.074012637 -0.016079545 0.014784249 0.997018099
1305031453.927723 -0.110558681 0.120133027 -0.203458920 0.072104804 -0.036413379 0.011375831 0.996667266
1305031453.959641 -0.111510195 0.121887207 -0.210937738 0.068604767 -0.056146462 0.003006260 0.996058226
1305031453.991624 -0.124932922 0.123628527 -0.216699064 0.066707246 -0.066875413 -0.008120124 0.995495856
1305031454.027662 -0.137574941 0.125621364 -0.221507728 0.068718404 -0.078551069 -0.018489813 0.994367003
1305031454.059654 -0.146941230 0.131464228 -0.226601988 0.070193827 -0.090821676 -0.030822178 0.992911994
1305031454.091651 -0.159535363 0.131126419 -0.228905469 0.069575638 -0.102115415 -0.045956839 0.991271734
1305031454.127701 -0.173363909 0.131876066 -0.233669937 0.072492436 -0.115898155 -0.059352215 0.988832533
1305031454.159672 -0.181704611 0.138537347 -0.236038670 0.073757641 -0.132264733 -0.071149729 0.985902429
1305031454.191658 -0.209187731 0.143140748 -0.242303327 0.071721122 -0.142937347 -0.086796165 0.983306408
1305031454.227671 -0.219747394 0.135005936 -0.238436684 0.071151257 -0.160950661 -0.104223646 0.978861511
1305031454.259627 -0.224865839 0.144671336 -0.237315223 0.079023674 -0.174922958 -0.119544186 0.974097788
1305031454.291639 -0.232668027 0.153798655 -0.237809047 0.079392724 -0.182139292 -0.131045774 0.971261621
1305031454.327699 -0.253082007 0.143798992 -0.239339665 0.076766655 -0.190468088 -0.148077250 0.967420280
1305031454.359636 -0.253427237 0.148403257 -0.239566758 0.083458893 -0.203606442 -0.161588237 0.962012649
1305031454.391677 -0.258275539 0.153148606 -0.247849524 0.084723659 -0.211394101 -0.174486265 0.957960844
1305031454.427465 -0.273521304 0.156901121 -0.251280338 0.086079217 -0.221433491 -0.189300120 0.952745020
1305031454.459913 -0.267806619 0.158403859 -0.246635690 0.088570848 -0.235978544 -0.204585791 0.945840359
1305031454.491617 -0.274114549 0.164470196 -0.248665750 0.090912446 -0.240080789 -0.220598131 0.940974355
1305031454.527700 -0.280353129 0.178575069 -0.251963705 0.092848197 -0.244908601 -0.235765845 0.935849071
1305031454.559575 -0.285570383 0.187628061 -0.253509969 0.090692975 -0.250393391 -0.248082548 0.931414545
1305031454.591635 -0.295628339 0.198739618 -0.256541729 0.089961819 -0.258864433 -0.266682446 0.924000323
1305031454.627580 -0.296128273 0.203190893 -0.258085370 0.087940753 -0.272113055 -0.279391378 0.916603148
1305031454.659528 -0.292003036 0.213223264 -0.262299657 0.082581028 -0.284922779 -0.285391510 0.911345780
1305031454.691884 -0.291801453 0.218077376 -0.260309368 0.075387016 -0.299970925 -0.292174160 0.904968858
1305031454.727659 -0.280227900 0.215935796 -0.252327949 0.069573231 -0.318411261 -0.295722455 0.897954404
1305031454.759732 -0.278203309 0.222745061 -0.255273223 0.063157633 -0.322871536 -0.291728854 0.898142159
1305031454.791641 -0.273595989 0.227947861 -0.254439265 0.057688002 -0.326323539 -0.284603089 0.899547756
1305031454.827570 -0.263561130 0.238105744 -0.250357270 0.054226357 -0.329314351 -0.276958853 0.901057959
1305031454.859620 -0.260187864 0.243691415 -0.250830472 0.047949363 -0.326169282 -0.270497739 0.904513896
1305031454.891764 -0.256686926 0.251541644 -0.251985818 0.043907817 -0.321039945 -0.262846708 0.908799827
1305031454.927567 -0.253993303 0.260122031 -0.255591929 0.040396836 -0.314640433 -0.257414967 0.912747025
1305031454.959648 -0.257322371 0.271614283 -0.259734780 0.037340865 -0.307689607 -0.251004666 0.917022109
1305031454.991937 -0.261034161 0.280923575 -0.264021218 0.034422878 -0.303665429 -0.244790420 0.920152187
1305031455.027799 -0.261101663 0.292941093 -0.269505024 0.034742787 -0.302581042 -0.241460651 0.921376407
1305031455.059636 -0.265782952 0.301220030 -0.271195471 0.033358961 -0.299196929 -0.239286184 0.923098326
1305031455.091700 -0.270469248 0.310841054 -0.278155208 0.036444858 -0.294797182 -0.239482805 0.924345434
1305031455.127695 -0.276800871 0.324565798 -0.282660455 0.038672552 -0.289359242 -0.237644732 0.926445186
1305031455.159720 -0.287529767 0.332583636 -0.289961576 0.036649238 -0.283242732 -0.233781129 0.929395974
1305031455.191655 -0.299204439 0.349990070 -0.293990523 0.036725163 -0.277814299 -0.227473304 0.932591200
1305031455.227581 -0.308468580 0.356763750 -0.297688872 0.035734497 -0.274716049 -0.221446693 0.934994936
1305031455.259631 -0.315407246 0.370820522 -0.301640213 0.034224454 -0.269974142 -0.214663610 0.938009739
1305031455.291831 -0.328732759 0.373739868 -0.307724208 0.024307894 -0.263136923 -0.205722064 0.942256153
1305031455.327766 -0.341824681 0.383244812 -0.315799624 0.018645314 -0.259022593 -0.194948226 0.945809066
1305031455.359630 -0.347979963 0.394179821 -0.319223613 0.011063336 -0.257461101 -0.188439980 0.947671831
1305031455.391665 -0.360938787 0.393977851 -0.322987556 -0.001281990 -0.249434441 -0.181345284 0.951259553
1305031455.427642 -0.376246572 0.397918701 -0.333028972 -0.009023861 -0.240254879 -0.171706855 0.955360115
1305031455.459589 -0.391016603 0.396987408 -0.338674337 -0.015358235 -0.236364901 -0.163438752 0.957697034
1305031455.491637 -0.403968155 0.402869046 -0.348104209 -0.019534493 -0.231346428 -0.152781025 0.960601509
1305031455.527610 -0.423951536 0.404428184 -0.356250286 -0.024000302 -0.225438371 -0.140399039 0.963789225
1305031455.559669 -0.441945940 0.407480359 -0.368374646 -0.025963582 -0.224237829 -0.126927108 0.965884447
1305031455.591645 -0.456324995 0.410224795 -0.381221056 -0.029455397 -0.224066675 -0.112204589 0.967644930
1305031455.627617 -0.473450989 0.404903889 -0.386977255 -0.036167860 -0.222080246 -0.099879332 0.969224691
1305031455.659615 -0.494160235 0.404830664 -0.399058759 -0.032598723 -0.217362076 -0.094896980 0.970919967
1305031455.691605 -0.511431456 0.406233966 -0.412418604 -0.028527472 -0.213907823 -0.095807813 0.971725583
1305031455.727628 -0.526462555 0.404560536 -0.423012584 -0.026252646 -0.210102692 -0.101261444 0.972066760
1305031455.759683 -0.542260170 0.402327925 -0.436043680 -0.025023382 -0.203322098 -0.104459643 0.973202050
1305031455.791666 -0.560286403 0.393420637 -0.449015379 -0.025006723 -0.196580097 -0.103549913 0.974683702
1305031455.827590 -0.576086819 0.393246531 -0.463527054 -0.021099094 -0.192279607 -0.103595167 0.975628734
1305031455.859526 -0.588248491 0.386237323 -0.475974351 -0.022343392 -0.190372616 -0.104549982 0.975873172
1305031455.891657 -0.602099538 0.383773088 -0.488190681 -0.021682639 -0.186334103 -0.105657198 0.976548016
1305031455.927955 -0.613697708 0.376597553 -0.499362618 -0.023573844 -0.182197481 -0.106398962 0.977204025
1305031455.959716 -0.627795279 0.378707737 -0.511132956 -0.021190654 -0.176716745 -0.109353840 0.977938592
1305031455.991694 -0.638676524 0.377750188 -0.519437850 -0.022525914 -0.171326503 -0.111709334 0.978601456
1305031456.027770 -0.644020975 0.383378416 -0.528251171 -0.024763688 -0.166041210 -0.115280628 0.979044199
1305031456.059713 -0.661954343 0.374931663 -0.534462273 -0.035543587 -0.158177480 -0.123647481 0.978993297
1305031456.091707 -0.678338885 0.363854587 -0.541400552 -0.042665537 -0.151825294 -0.129678041 0.978934288
1305031456.127645 -0.689827085 0.358731717 -0.546237886 -0.043728843 -0.147020116 -0.131208703 0.979416788
1305031456.159731 -0.699705541 0.340830147 -0.549409747 -0.049179785 -0.141658917 -0.132066697 0.979832947
1305031456.191658 -0.708191216 0.330131859 -0.551658154 -0.045599170 -0.134215072 -0.129956231 0.981335104
1305031456.227678 -0.719513237 0.342614651 -0.556397557 -0.037348364 -0.122132815 -0.126083165 0.983764052
1305031456.291675 -0.747244716 0.324214756 -0.555751860 -0.038502384 -0.097381175 -0.120089881 0.987224877
1305031456.327718 -0.761056423 0.312939227 -0.556272268 -0.036762677 -0.085854486 -0.113487363 0.989140093
1305031456.391619 -0.785388887 0.307772279 -0.549515128 -0.031935807 -0.059632886 -0.104235314 0.992249489
1305031456.427662 -0.805739820 0.312655687 -0.546107888 -0.023032369 -0.045941856 -0.097050995 0.993951678
1305031456.491677 -0.844024718 0.335252762 -0.533405542 -0.023026638 -0.035298906 -0.084505193 0.995531321
1305031456.527641 -0.858998895 0.337493151 -0.523591101 -0.028485419 -0.035227560 -0.079094857 0.995837152
1305031456.591651 -0.875445724 0.338252038 -0.507049799 -0.031085152 -0.032202300 -0.067118533 0.996740639
1305031456.627612 -0.881586850 0.348982394 -0.498781055 -0.041807175 -0.027902264 -0.060805093 0.996883333
1305031456.691612 -0.923256278 0.330055982 -0.474344671 -0.058193643 -0.011969323 -0.045259371 0.997207046
1305031456.727693 -0.942822218 0.351577222 -0.464756608 -0.056926597 -0.007513093 -0.035624478 0.997714281
1305031456.791649 -0.975670576 0.336016476 -0.446127594 -0.064605303 -0.015422904 -0.019683698 0.997597516
1305031456.827603 -0.975699425 0.354270250 -0.434773207 -0.061917290 -0.022632509 -0.011237759 0.997761428
1305031456.891672 -0.996111572 0.347810835 -0.408645213 -0.073456667 -0.018611269 -0.000750684 0.997124493
1305031456.927690 -1.007740855 0.356733590 -0.399792016 -0.066395707 -0.012343913 0.005752139 0.997700512
1305031456.959667 -1.022731662 0.374754071 -0.395242065 -0.063504994 -0.004942852 0.011247114 0.997905970
1305031456.991709 -1.034888506 0.368456990 -0.386696875 -0.074557289 0.000351625 0.013590336 0.997124076
1305031457.027648 -1.048861384 0.368427664 -0.381908357 -0.076496810 0.005907926 0.016933728 0.996908545
1305031457.091655 -1.070546865 0.374133050 -0.377556801 -0.088393196 0.016589798 0.026745645 0.995588303
1305031457.127632 -1.082322836 0.365009457 -0.374596596 -0.093918242 0.023419604 0.031035442 0.994820416
1305031457.191735 -1.109194517 0.367960304 -0.383244485 -0.090158008 0.039692532 0.044505592 0.994140506
1305031457.227543 -1.123229861 0.363729745 -0.386317462 -0.094842993 0.047029853 0.050031971 0.993121266
1305031457.291656 -1.151975989 0.352545977 -0.397344828 -0.086506575 0.065038919 0.060979307 0.992254019
1305031457.327548 -1.165543437 0.354916990 -0.407245398 -0.082868211 0.074807927 0.065711923 0.991573870
1305031457.391684 -1.198552370 0.340824157 -0.421062469 -0.079155162 0.100063890 0.078566343 0.988710761
1305031457.427641 -1.222116232 0.338779181 -0.430210233 -0.075803779 0.110967636 0.086265340 0.987166822
1305031457.491705 -1.253684521 0.325066924 -0.446177572 -0.074416168 0.117681749 0.094391197 0.985750258
1305031457.527638 -1.267519712 0.318198353 -0.455755174 -0.070545010 0.121531837 0.097070955 0.985307455
1305031457.559685 -1.282612562 0.314563900 -0.465270340 -0.065998748 0.126910344 0.100295745 0.984621167
1305031457.591678 -1.302474141 0.311529368 -0.472979665 -0.062498044 0.133161962 0.104673721 0.983567715
1305031457.627526 -1.315638304 0.299386054 -0.478650272 -0.063826792 0.135059088 0.107927442 0.982871771
1305031457.659632 -1.336923361 0.303889662 -0.485710561 -0.057416547 0.139294639 0.110731862 0.982363939
1305031457.691570 -1.350674033 0.296236157 -0.490132779 -0.063220911 0.139723867 0.113952883 0.981577873
1305031457.727669 -1.360763669 0.277810127 -0.493719876 -0.067590527 0.140347674 0.113097332 0.981296659
1305031457.759556 -1.372912645 0.265788823 -0.499842942 -0.065619580 0.142319635 0.112379633 0.981228888
1305031457.791567 -1.382225513 0.248677358 -0.501159906 -0.060097445 0.147089645 0.109590784 0.981194615
1305031457.827699 -1.400150299 0.252755314 -0.510683477 -0.046895679 0.156433076 0.109522186 0.980476677
1305031457.859623 -1.415378451 0.241824836 -0.514004588 -0.045419026 0.165565848 0.109376393 0.979061782
1305031457.891593 -1.428936005 0.220919117 -0.512176573 -0.040414650 0.173629090 0.110100217 0.977802396
1305031457.927633 -1.454966664 0.216824427 -0.511978328 -0.026753025 0.181763917 0.112229496 0.976550400
1305031457.991644 -1.482658625 0.200213507 -0.508596659 -0.015762225 0.185313284 0.116275653 0.975648761
1305031458.027845 -1.496449113 0.187148049 -0.503283083 -0.007918470 0.190541670 0.116261512 0.974738121
1305031458.059689 -1.510199904 0.195747361 -0.506658494 0.003724799 0.194568291 0.119451635 0.973581314
1305031458.091690 -1.526698470 0.195978582 -0.499870330 0.004828266 0.199828386 0.121471599 0.972260296
1305031458.127605 -1.544092417 0.183488458 -0.485182494 0.001845157 0.206087634 0.121651448 0.970940530
1305031458.159638 -1.562485814 0.175144359 -0.470682234 0.003292083 0.210873544 0.123316795 0.969698191
1305031458.191646 -1.581093311 0.179774821 -0.456835747 0.005794091 0.212047413 0.127245322 0.968922615
1305031458.227611 -1.598986268 0.174139977 -0.440904438 -0.001642881 0.211241543 0.128770992 0.968913019
1305031458.259934 -1.610597491 0.139784887 -0.424183249 -0.010364410 0.210048020 0.127218127 0.969323516
1305031458.291664 -1.632815003 0.138013646 -0.405506104 -0.000120822 0.209223673 0.125939682 0.969724000
1305031458.327628 -1.644599438 0.137082368 -0.385965914 0.003065978 0.204640582 0.127840474 0.970448196
1305031458.359590 -1.653013706 0.112323478 -0.369730532 0.005975080 0.201295823 0.128095299 0.971100390
1305031458.391626 -1.662571907 0.121438004 -0.353392810 0.022290075 0.198786184 0.131988317 0.970858574
1305031458.427598 -1.670353174 0.121107697 -0.337070674 0.031409748 0.199212030 0.139284253 0.969498813
1305031458.459637 -1.660290837 0.106856681 -0.326337099 0.040928006 0.201095968 0.147359297 0.967559040
1305031458.491696 -1.661343932 0.100907251 -0.309544981 0.060780801 0.211816460 0.145071849 0.964569151
1305031458.527737 -1.675139666 0.124320984 -0.288832307 0.085102603 0.223871261 0.140561149 0.960667372
1305031458.559628 -1.679840565 0.129732445 -0.270043433 0.093327895 0.233218506 0.138191983 0.958019853
1305031458.591641 -1.694156408 0.138561487 -0.238021046 0.104639590 0.242789790 0.129313946 0.955709994
1305031458.627659 -1.710484743 0.170979157 -0.213261127 0.113874473 0.245688006 0.123094209 0.954734445
1305031458.659623 -1.723943472 0.166117325 -0.187855139 0.106218137 0.243975312 0.125520706 0.955739737
1305031458.691674 -1.726473212 0.167126775 -0.168639854 0.099481210 0.229039490 0.116813600 0.961248696
1305031458.727650 -1.713073492 0.161204606 -0.143147051 0.096696250 0.213742346 0.109609857 0.965893269
1305031458.759945 -1.716872096 0.167948008 -0.128863007 0.103814900 0.199811846 0.100629941 0.969108522
1305031458.791632 -1.703982830 0.188139319 -0.111154713 0.107206061 0.180508137 0.090942338 0.973474860
1305031458.827564 -1.700534821 0.186575681 -0.100844428 0.099693492 0.171624407 0.087393120 0.976201236
1305031458.891665 -1.682917356 0.173431203 -0.095827416 0.102847807 0.161518052 0.081574455 0.978100181
1305031458.927621 -1.694287539 0.182596326 -0.080389380 0.103585035 0.170497909 0.083443582 0.976338983
1305031458.959617 -1.698828578 0.175025791 -0.071238667 0.096163332 0.176388159 0.098073587 0.974690437
1305031458.991647 -1.710633159 0.143866330 -0.058058139 0.091390945 0.183826670 0.101633288 0.973409593
1305031459.027665 -1.736910343 0.139176428 -0.037323482 0.103221305 0.187895939 0.099688217 0.971649528
1305031459.059631 -1.753633022 0.127326965 -0.027606219 0.111316226 0.180657014 0.108058229 0.971233845
1305031459.127618 -1.796418190 0.115037836 0.022684474 0.138625905 0.148238569 0.116380252 0.972246766
1305031459.159639 -1.804441452 0.114033327 0.042370126 0.149161398 0.121840507 0.117000394 0.974277556
1305031459.191674 -1.826420546 0.107951187 0.037261169 0.153474674 0.105979666 0.124391645 0.974546373
1305031459.227607 -1.824476600 0.111781262 0.058392275 0.158539936 0.091037728 0.135213360 0.973804176
1305031459.259760 -1.823903561 0.106486343 0.047248129 0.156407252 0.083133206 0.150676876 0.972585261
1305031459.327632 -1.832265735 0.107638061 0.048439190 0.150356263 0.108996294 0.178635553 0.966230869
1305031459.359651 -1.844002247 0.113886058 0.058797210 0.155566782 0.133422583 0.197823346 0.958573580
1305031459.391667 -1.847984910 0.149141788 0.092328347 0.162203580 0.157533973 0.218101129 0.949370861
1305031459.427646 -1.848448277 0.155127853 0.102481484 0.150989547 0.187448785 0.253048688 0.937033415
1305031459.459679 -1.875483871 0.148397714 0.105801009 0.148908094 0.229180560 0.295825779 0.915308595
1305031459.527594 -1.925360680 0.159754932 0.116540059 0.136360973 0.274386823 0.361317009 0.880663157
1305031459.559647 -1.940051794 0.149503648 0.129502118 0.131279856 0.293389678 0.385830939 0.864767373
1305031459.591695 -1.960248113 0.145192683 0.138935626 0.129742056 0.301670074 0.403990984 0.853787780
1305031459.627608 -1.966055274 0.145752072 0.145120054 0.128473297 0.300660014 0.413817942 0.849619329
1305031459.659641 -1.974912405 0.150799394 0.157548487 0.130019754 0.307082146 0.412196964 0.847873330
1305031459.691604 -1.999255776 0.137121320 0.163797915 0.122596644 0.323046625 0.416876823 0.840728641
1305031459.727551 -2.008581400 0.119469583 0.170127422 0.114453390 0.331643492 0.420661271 0.836634457
1305031459.791650 -2.039649248 0.087970555 0.184475601 0.113344453 0.344609529 0.415180564 0.834279656
1305031459.827664 -2.053891182 0.074594557 0.192543149 0.111935690 0.346176386 0.413039565 0.834883630
1305031459.859660 -2.069858074 0.061247230 0.203531086 0.108076863 0.346614063 0.411252201 0.836091995
1305031459.891596 -2.076652527 0.041813374 0.208154291 0.101884708 0.340986997 0.416231781 0.836718917
1305031459.927607 -2.082648039 0.026759744 0.216201514 0.100911915 0.338722885 0.419378936 0.836184740
1305031459.991725 -2.095850229 0.001241624 0.234006166 0.097372957 0.335409880 0.427256256 0.833948970
1305031460.027565 -2.099278688 -0.016379476 0.240049630 0.095265836 0.335767955 0.430515915 0.832370341
1305031460.059659 -2.106870651 -0.032080173 0.249883473 0.095957331 0.337644458 0.431651890 0.830942333
1305031460.091717 -2.114792347 -0.053331256 0.257861406 0.097450972 0.334369600 0.438341886 0.828587234
1305031460.127690 -2.116248131 -0.069889367 0.261070311 0.102955706 0.324711740 0.448220521 0.826474965
1305031460.159678 -2.121995687 -0.082415521 0.265644938 0.110690922 0.316747576 0.456004947 0.824304521
1305031460.191559 -2.120676994 -0.090344548 0.277167618 0.112398110 0.309494168 0.462313026 0.823314548
1305031460.227761 -2.106906414 -0.098297358 0.278666615 0.111844920 0.304808170 0.467272937 0.822337389
1305031460.291689 -2.104721308 -0.121188045 0.285897940 0.111794852 0.320206106 0.467892200 0.816116989
1305031460.327512 -2.102666855 -0.130800366 0.293178260 0.112631105 0.329014838 0.468064457 0.812391043
1305031460.391611 -2.104967356 -0.155507207 0.304775685 0.105884522 0.349770248 0.474400580 0.800870359
1305031460.427477 -2.100966930 -0.166691065 0.308602840 0.103827283 0.358963430 0.479449213 0.794036329
1305031460.459620 -2.096515656 -0.170781374 0.312146366 0.101742417 0.369302839 0.483243316 0.787235558
1305031460.491504 -2.104115486 -0.180634975 0.324123740 0.096117564 0.386353672 0.488241613 0.776603103
1305031460.527570 -2.100529671 -0.192479134 0.330382049 0.088657215 0.396192849 0.498288065 0.766081095
1305031460.559647 -2.095889091 -0.208460689 0.333502948 0.079917602 0.404881090 0.503568470 0.759014666
1305031460.591855 -2.096528530 -0.217932463 0.342793703 0.075693384 0.414950937 0.502821207 0.754491270
1305031460.627625 -2.092616796 -0.227940679 0.346886039 0.072295971 0.421952337 0.505611360 0.749057233
1305031460.659764 -2.096488953 -0.240769863 0.357233286 0.069747470 0.432268023 0.503842294 0.744595647
1305031460.691671 -2.098931313 -0.254345059 0.368483722 0.065615594 0.438399523 0.504480660 0.740945160
1305031460.727675 -2.096999645 -0.263075829 0.375413895 0.060830578 0.440140337 0.505174279 0.739848137
1305031460.759667 -2.092778206 -0.274086595 0.381798148 0.056497600 0.444994539 0.504271626 0.737901151
1305031460.791660 -2.093772411 -0.288213849 0.393467903 0.052797217 0.450683773 0.503188193 0.735457897
1305031460.827660 -2.091072798 -0.297961593 0.403849363 0.047027349 0.452761531 0.501496553 0.735728621
1305031460.859714 -2.086924076 -0.306938171 0.412268817 0.039761506 0.456240654 0.500031114 0.735005021
1305031460.891774 -2.082357407 -0.320537567 0.420989633 0.030673558 0.461114377 0.498471975 0.733456492
1305031460.927562 -2.076056957 -0.332192898 0.431315839 0.023974508 0.463103533 0.498857647 0.732189476
1305031460.991668 -2.055767059 -0.357212305 0.441204309 0.018434830 0.465829283 0.502169251 0.728346944
1305031461.027620 -2.049712896 -0.367855668 0.449377120 0.019531023 0.468402833 0.502445102 0.726475239
1305031461.091728 -2.040277719 -0.382386804 0.466659248 0.021847138 0.468426943 0.501676142 0.726925075
1305031461.127586 -2.029213905 -0.393252671 0.469780326 0.018334176 0.467914969 0.501072645 0.727767587
1305031461.159720 -2.019314528 -0.406636059 0.476578653 0.017859258 0.470288724 0.499517679 0.727318108
1305031461.192013 -2.015857697 -0.408520818 0.483546436 0.021336522 0.471810251 0.494167268 0.729889393
1305031461.227607 -2.009325981 -0.414798617 0.487842381 0.020604877 0.472774565 0.492632449 0.730323911
1305031461.259642 -2.001048088 -0.422591567 0.494768441 0.020733688 0.474158347 0.489008069 0.731857300
1305031461.291656 -1.995220900 -0.424027205 0.498805702 0.022239201 0.474691302 0.482786894 0.735588551
1305031461.327751 -1.988800883 -0.422665000 0.502750218 0.023251429 0.477017254 0.478133857 0.737090230
1305031461.359709 -1.989796162 -0.418771327 0.512149751 0.020631276 0.481307477 0.473892450 0.737118304
1305031461.391708 -1.974982738 -0.428219318 0.516141415 0.010726735 0.479778796 0.476970226 0.736340046
1305031461.427624 -1.966372252 -0.431464672 0.518344164 0.008869903 0.480730206 0.475468904 0.736715078
1305031461.459781 -1.964887500 -0.428682208 0.522694409 0.006477481 0.480816483 0.477124542 0.735612571
1305031461.491677 -1.947378635 -0.437896430 0.518710554 -0.000104156 0.478705913 0.480032951 0.735125184
1305031461.527705 -1.945576191 -0.435966492 0.518566489 0.005054647 0.480955988 0.476981163 0.735625386
1305031461.559677 -1.941929102 -0.427391768 0.509845138 0.005226527 0.480269998 0.474216044 0.737856746
1305031461.591690 -1.938870549 -0.423729837 0.506207705 0.004182925 0.487584949 0.469799042 0.735888839
1305031461.627541 -1.939496160 -0.418520153 0.505896926 0.002040729 0.493509561 0.468649387 0.732674479
1305031461.659622 -1.934216976 -0.414382637 0.501297772 -0.001153472 0.496021748 0.469000429 0.730752885
1305031461.691563 -1.937219024 -0.404326797 0.502499938 0.000005367 0.499077976 0.472529382 0.726386487
1305031461.727602 -1.931027174 -0.400454760 0.495313108 -0.003315098 0.497566223 0.478947908 0.723205268
1305031461.759684 -1.935013294 -0.391206145 0.491387904 -0.002704052 0.499813110 0.480204046 0.720821500
1305031461.791612 -1.935994387 -0.379294693 0.484904349 -0.004966100 0.500197232 0.484964103 0.717347801
1305031461.827615 -1.935459971 -0.366557419 0.477182209 -0.005051464 0.502257228 0.488717914 0.713349223
1305031461.859767 -1.943934441 -0.350750804 0.475918710 -0.002586009 0.506932855 0.492766857 0.707243383
1305031461.891723 -1.951807737 -0.337202787 0.476486266 -0.002977967 0.508151054 0.503543735 0.698725522
1305031461.927758 -1.951640844 -0.323898315 0.469262719 -0.006609361 0.503144026 0.514362395 0.694430470
1305031461.959703 -1.949985981 -0.307975888 0.448208690 -0.010512417 0.499295533 0.519643247 0.693227530
1305031461.991590 -1.971936464 -0.288424015 0.456908941 -0.010912081 0.509249091 0.522581756 0.683706582
1305031462.027675 -1.972190380 -0.288212776 0.471117854 -0.022223096 0.512412965 0.532502413 0.673335195
1305031462.059837 -1.975037575 -0.280040383 0.467878580 -0.022801410 0.504362404 0.545361459 0.669088542
1305031462.091777 -1.978547335 -0.268812537 0.462422132 -0.021647515 0.496105790 0.556811571 0.665861368
1305031462.127739 -1.981469989 -0.261739969 0.460598707 -0.023894293 0.491683722 0.566678703 0.660720468
1305031462.159646 -1.984866619 -0.256175160 0.456628799 -0.026632063 0.487427980 0.573994517 0.657445788
1305031462.191641 -1.991267204 -0.249971271 0.459048152 -0.030218694 0.487791687 0.573999166 0.657016814
1305031462.227633 -1.998626828 -0.239996672 0.458438516 -0.034415159 0.486044556 0.576061010 0.656300306
1305031462.259765 -2.006620407 -0.237920642 0.463956833 -0.042179544 0.486413777 0.574917614 0.656576216
1305031462.291629 -2.011072159 -0.229210138 0.462019563 -0.047723375 0.480446488 0.573809922 0.661540508
1305031462.327540 -2.018590927 -0.221680164 0.461811543 -0.055288985 0.476738870 0.570729911 0.666281164
1305031462.359732 -2.027518749 -0.216811538 0.468746126 -0.063837603 0.476792097 0.566044748 0.669467986
1305031462.391695 -2.034630775 -0.213180423 0.477684557 -0.075391315 0.473106503 0.563294649 0.673190653
1305031462.427635 -2.042676687 -0.205319524 0.479991436 -0.083269402 0.465686828 0.560965300 0.679352582
1305031462.459897 -2.058908224 -0.195507169 0.486700237 -0.088502578 0.460232764 0.554480135 0.687680900
1305031462.492008 -2.068474054 -0.185543895 0.487089872 -0.096663333 0.450798005 0.551734746 0.695000887
1305031462.527670 -2.076383829 -0.180195332 0.488847494 -0.101163581 0.443087757 0.549987495 0.700680375
1305031462.559862 -2.081919193 -0.177973628 0.482643723 -0.107725419 0.431698501 0.546830952 0.709230244
1305031462.591862 -2.090272665 -0.167022467 0.473116338 -0.108991086 0.423548639 0.539256632 0.719673455
1305031462.627851 -2.099894524 -0.161132693 0.467958689 -0.111495927 0.420200497 0.530474186 0.727734387
1305031462.659660 -2.107243299 -0.155563593 0.462116599 -0.113490663 0.418223232 0.520744860 0.735550106
1305031462.692548 -2.117376328 -0.153324127 0.459627569 -0.113299474 0.418026179 0.511579514 0.742094159
1305031462.727652 -2.129449844 -0.144695163 0.453928351 -0.112143233 0.412281871 0.500922620 0.752677917
1305031462.759782 -2.138298273 -0.136469007 0.443447590 -0.112930007 0.403364509 0.491566539 0.763483047
1305031462.791943 -2.147529840 -0.126214385 0.431617975 -0.112287253 0.396308154 0.484657228 0.771646917
1305031462.827816 -2.159605980 -0.112716675 0.420147896 -0.110465124 0.389784664 0.478922725 0.778780162
1305031462.859782 -2.165139198 -0.101306796 0.406829059 -0.115012147 0.382951111 0.473490328 0.784810543
1305031462.891847 -2.171627760 -0.089047313 0.391723871 -0.114639342 0.381067663 0.469785929 0.788001597
1305031462.927607 -2.175382614 -0.083432674 0.378745973 -0.115870468 0.380115211 0.469106108 0.788686216
1305031462.959676 -2.176758766 -0.077040792 0.363523126 -0.115499124 0.375690937 0.468383163 0.791285992
1305031462.995550 -2.176024675 -0.071755648 0.348276794 -0.114764564 0.371240020 0.464093953 0.796006799
1305031463.027667 -2.179105043 -0.051037610 0.332220554 -0.101616271 0.366959423 0.455677003 0.804595172
1305031463.059810 -2.186516047 -0.038529038 0.317518413 -0.093522131 0.362280905 0.447713971 0.812132061
1305031463.095809 -2.188758373 -0.031443357 0.302532434 -0.095522635 0.357755840 0.438189864 0.819070160
1305031463.127550 -2.186025858 -0.022155225 0.286599100 -0.092430480 0.354555190 0.429439694 0.825426459
1305031463.159787 -2.191957474 -0.012174547 0.271103919 -0.087044969 0.353873253 0.418781579 0.831756532
1305031463.195657 -2.195461273 -0.003341556 0.255375922 -0.087718904 0.351491660 0.411730528 0.836203992
1305031463.227784 -2.190630436 0.006857157 0.241783023 -0.087839164 0.347838253 0.407503217 0.839782059
1305031463.260034 -2.187780380 0.017754376 0.226489186 -0.081210718 0.347322881 0.402059674 0.843279123
1305031463.295737 -2.189629793 0.028031468 0.213005185 -0.078306645 0.346976072 0.396212518 0.846458137
1305031463.327739 -2.183633327 0.029651403 0.199704647 -0.081288382 0.342049658 0.395760536 0.848391354
1305031463.359750 -2.176486969 0.035738289 0.186466396 -0.075735219 0.337563574 0.393842310 0.851588726
1305031463.395630 -2.175377369 0.052235723 0.174020350 -0.068812065 0.333289087 0.387339085 0.856826603
1305031463.427716 -2.168291092 0.064043939 0.160632491 -0.068740942 0.328772098 0.383495867 0.860299110
1305031463.459756 -2.160981655 0.076456845 0.145317912 -0.067297213 0.326400280 0.380983472 0.862430096
1305031463.495629 -2.150167465 0.085645020 0.126325250 -0.069023043 0.323740482 0.381360859 0.863129079
1305031463.527670 -2.140025616 0.091948807 0.111452639 -0.070429333 0.327559561 0.378476232 0.862844348
1305031463.559751 -2.136034012 0.105703354 0.105211377 -0.064164408 0.332623810 0.377598107 0.861779571
1305031463.595600 -2.130223274 0.113877416 0.091713130 -0.063804731 0.330227017 0.377494007 0.862773061
1305031463.627588 -2.113551140 0.116381228 0.074049950 -0.065441728 0.326355100 0.375670671 0.864916980
1305031463.659766 -2.102690458 0.121077120 0.054776728 -0.058078643 0.327250034 0.372991949 0.866262913
1305031463.695640 -2.101981878 0.129506409 0.038654566 -0.052701410 0.328916669 0.369878680 0.867309749
1305031463.727588 -2.084201813 0.127880812 0.013423443 -0.057150528 0.323994279 0.368511796 0.869459927
1305031463.759674 -2.071430206 0.125950575 -0.004395723 -0.054457199 0.328125030 0.361832917 0.870887697
1305031463.795647 -2.064561367 0.129986167 -0.026353955 -0.049245633 0.331055999 0.351818651 0.874185622
1305031463.827761 -2.050658464 0.127954245 -0.047726989 -0.052042563 0.330170125 0.343084037 0.877822697
1305031463.859910 -2.036760330 0.124159694 -0.069488108 -0.052667640 0.331520110 0.332659513 0.881282151
1305031463.895648 -2.031924486 0.125799745 -0.088078141 -0.048537169 0.334665030 0.322926193 0.883946955
1305031463.927664 -2.023932934 0.120691091 -0.104072809 -0.049332533 0.334050447 0.318000346 0.885918975
1305031463.959680 -2.009607553 0.116643310 -0.125813961 -0.048138797 0.328139156 0.313028634 0.889955282
1305031463.995821 -2.002859831 0.115442693 -0.143485069 -0.043285545 0.326359093 0.305475503 0.893476844
1305031464.027703 -1.995889783 0.115800500 -0.164236486 -0.041442413 0.322876215 0.296582282 0.897815466
1305031464.059652 -1.986328840 0.105661184 -0.183611631 -0.043941945 0.322380692 0.286652982 0.901093781
1305031464.095634 -1.981322289 0.101483256 -0.204427451 -0.040227875 0.324265182 0.278346926 0.903192580
1305031464.127681 -1.980631709 0.092277348 -0.218758911 -0.039422855 0.325002223 0.272798866 0.904654801
1305031464.159817 -1.978039622 0.079970896 -0.230290353 -0.035206087 0.323138088 0.271073729 0.906014085
1305031464.195585 -1.973196387 0.073427618 -0.249670118 -0.024875769 0.315566927 0.267564118 0.910059452
1305031464.227624 -1.976369381 0.073275447 -0.266847521 -0.012037131 0.307073563 0.262548804 0.914674342
1305031464.259644 -1.978994131 0.077619374 -0.272320479 -0.002961459 0.295873255 0.258269310 0.919645190
1305031464.295667 -1.973901153 0.077922583 -0.286240637 0.001670080 0.278714985 0.252800137 0.926502764
1305031464.327866 -1.957691193 0.080997765 -0.306874365 0.005129609 0.261797518 0.247919723 0.932722688
1305031464.359684 -1.940936089 0.074878335 -0.325358123 0.008158216 0.250535905 0.244188026 0.936769724
1305031464.395611 -1.927230835 0.081470519 -0.343705386 0.014173297 0.243625015 0.235630810 0.940704048
1305031464.427634 -1.916816115 0.087386280 -0.359956622 0.016536660 0.241784453 0.225283951 0.943670571
1305031464.459689 -1.907439947 0.080959797 -0.375441164 0.016818604 0.239795044 0.217510983 0.945993960
1305031464.495633 -1.897096515 0.082039535 -0.398675174 0.018695058 0.236748487 0.210133150 0.948390603
1305031464.527574 -1.891914964 0.083083287 -0.421569079 0.019688331 0.236315966 0.201953009 0.950253725
1305031464.559703 -1.874241590 0.079726815 -0.444977701 0.015613759 0.230699152 0.192183435 0.953729331
1305031464.595698 -1.839801669 0.063992217 -0.473031461 0.013337377 0.228504136 0.184804156 0.955748618
1305031464.627672 -1.831241727 0.055281088 -0.497766793 0.019722600 0.240886658 0.173558906 0.954705179
1305031464.659749 -1.825131297 0.054601148 -0.515233994 0.027138745 0.253646910 0.159602821 0.953652799
1305031464.695663 -1.822533131 0.029557437 -0.530534625 0.032522421 0.267000169 0.141233698 0.952736259
1305031464.727652 -1.828690290 0.032954380 -0.540589809 0.051133357 0.276900589 0.120403692 0.951952934
1305031464.759740 -1.828169942 0.044217378 -0.544885695 0.063628770 0.277750313 0.099165134 0.953400493
1305031464.796021 -1.826312542 0.032953270 -0.547379315 0.067441173 0.273899019 0.080903620 0.955973685
1305031464.827759 -1.821721315 0.045372382 -0.541785598 0.081995048 0.262686580 0.064271860 0.959240198
1305031464.859654 -1.818590879 0.041041955 -0.553319216 0.084597953 0.246269286 0.049360495 0.964239717
1305031464.895817 -1.790149212 0.053637452 -0.553661764 0.085012726 0.225289226 0.029733732 0.970120370
1305031464.927799 -1.770450711 0.030919489 -0.561093271 0.076402545 0.211647019 0.009318366 0.974310756
1305031464.959763 -1.748271704 0.023521654 -0.561581433 0.077406466 0.204376876 -0.008893033 0.975786507
1305031464.995687 -1.727361321 0.027822932 -0.560329318 0.082774475 0.200864896 -0.028019406 0.975713372
1305031465.027823 -1.716094613 0.028418625 -0.547357082 0.084269449 0.201119050 -0.049880877 0.974659801
1305031465.059749 -1.709812403 0.046359889 -0.523336291 0.091403916 0.197104722 -0.070465662 0.973565459
1305031465.095700 -1.680148602 0.093319811 -0.524587154 0.094180584 0.179617986 -0.080923513 0.975868225
1305031465.127664 -1.660240173 0.101472586 -0.519711673 0.075155608 0.164195091 -0.094323575 0.979027450
1305031465.159842 -1.643122077 0.104815856 -0.503074765 0.057019867 0.151692733 -0.102728039 0.981419921
1305031465.195564 -1.620744705 0.101676710 -0.492799729 0.041569546 0.138028949 -0.109382965 0.983491480
1305031465.227907 -1.597962260 0.114030890 -0.484881282 0.030691059 0.126818046 -0.113992244 0.984876215
1305031465.259807 -1.580186844 0.112672418 -0.467439085 0.016341295 0.116029546 -0.113434240 0.986611843
1305031465.295623 -1.552007437 0.122813895 -0.463629037 0.013829513 0.101833716 -0.101027653 0.989561558
1305031465.327674 -1.531843424 0.132762909 -0.450143784 0.007296622 0.087733336 -0.088745326 0.992156208
1305031465.359948 -1.525615215 0.132466495 -0.444603711 0.001895804 0.074551173 -0.079444580 0.994045794
1305031465.395586 -1.497071147 0.144472048 -0.435254484 0.006311318 0.054842625 -0.066448592 0.996261597
1305031465.427697 -1.462624431 0.159140900 -0.434552073 0.011913111 0.036869984 -0.055006072 0.997733951
1305031465.460125 -1.438974023 0.176563874 -0.436739445 0.017239116 0.024238229 -0.041961059 0.998676479
1305031465.495703 -1.413021326 0.201030314 -0.434494734 0.019425048 0.011665837 -0.031165894 0.999257386
1305031465.527622 -1.387802124 0.197014362 -0.436037928 0.014716831 -0.000338158 -0.027756047 0.999506354
1305031465.559812 -1.356572390 0.211201921 -0.441166133 0.022777531 -0.012892665 -0.020495290 0.999447346
1305031465.595599 -1.327065706 0.231460467 -0.446978360 0.030626200 -0.020417346 -0.011102323 0.999260724
1305031465.627688 -1.311146617 0.244069621 -0.455062956 0.034726888 -0.024391176 -0.002913904 0.999094963
1305031465.660060 -1.294592023 0.261175960 -0.459798366 0.040550690 -0.033939261 0.006110159 0.998582244
1305031465.695668 -1.259041667 0.278278887 -0.462399185 0.047630232 -0.046137013 0.013814885 0.997703373
1305031465.727682 -1.238842010 0.296045989 -0.468605250 0.055501357 -0.049550369 0.022225317 0.996980667
1305031465.759766 -1.212286592 0.320307314 -0.471856594 0.064592302 -0.056804199 0.031549305 0.995794058
1305031465.795937 -1.187124014 0.340212494 -0.475109160 0.070837170 -0.061396070 0.038342427 0.994858086
1305031465.827996 -1.164587855 0.356279314 -0.478476256 0.079994850 -0.065422483 0.043885071 0.993677437
1305031465.859861 -1.133960128 0.385043681 -0.482118040 0.092647240 -0.070947401 0.049377915 0.991939902
1305031465.895494 -1.109419346 0.409783244 -0.489794821 0.096073300 -0.067761488 0.053137187 0.991642416
1305031465.927495 -1.087951183 0.424923062 -0.490060419 0.101577826 -0.060342219 0.053607039 0.991547823
1305031465.959710 -1.066646695 0.449736148 -0.497412980 0.113779359 -0.052679762 0.052999299 0.990691781
1305031465.995753 -1.051796079 0.470693260 -0.504103720 0.120220110 -0.046149269 0.050476570 0.990388632
1305031466.027644 -1.040134430 0.496945739 -0.506275952 0.127656117 -0.043287657 0.048835866 0.989669263
1305031466.059757 -1.023653626 0.529571414 -0.505239964 0.129627839 -0.043225583 0.049396556 0.989387870
1305031466.095840 -1.013446569 0.551735878 -0.512040198 0.126037955 -0.044078141 0.050145388 0.989776313
1305031466.127640 -1.000143528 0.572128654 -0.516529381 0.121448152 -0.049078189 0.048200056 0.990211368
1305031466.160428 -0.984129012 0.587616324 -0.522644520 0.115265913 -0.057041373 0.053263083 0.990264177
1305031466.195833 -0.972087383 0.603691220 -0.532529175 0.107499197 -0.066605099 0.054498356 0.990473449
1305031466.227951 -0.953499258 0.615097404 -0.542172551 0.096545525 -0.077288873 0.049292147 0.991098285
1305031466.259815 -0.929851234 0.614092052 -0.555292606 0.090393275 -0.081997521 0.041943330 0.991638184
1305031466.295737 -0.907649875 0.629622102 -0.567318439 0.093996003 -0.079326540 0.030142259 0.991949379
1305031466.327702 -0.893448234 0.642834723 -0.581569552 0.093724057 -0.068418711 0.020659916 0.993029654
1305031466.359829 -0.880156100 0.655859828 -0.588060200 0.089775607 -0.059623878 0.014759023 0.994066179
1305031466.395784 -0.866549790 0.648358345 -0.607793808 0.085181698 -0.055893153 0.011023054 0.994735420
1305031466.427819 -0.858717322 0.666024804 -0.619210839 0.094472483 -0.055890098 0.005695052 0.993941128
1305031466.459790 -0.841375530 0.681412935 -0.629328310 0.095795721 -0.061821736 0.001319676 0.993478477
1305031466.495809 -0.820150077 0.690204501 -0.633379996 0.091655701 -0.067279115 -0.000029183 0.993515372
1305031466.527538 -0.791445971 0.696267903 -0.640547693 0.088867903 -0.069357537 0.001148821 0.993625045
1305031466.560353 -0.773500025 0.703269303 -0.648970127 0.086070925 -0.065704018 -0.000690021 0.994119883
1305031466.595936 -0.752648890 0.714261472 -0.652534544 0.078182660 -0.066473164 -0.003205302 0.994715273
1305031466.627549 -0.724760056 0.706265688 -0.654294610 0.068648398 -0.067166135 -0.006475472 0.995356381
1305031466.659688 -0.707114756 0.710873365 -0.661096752 0.074570172 -0.062791161 -0.012373709 0.995160043
1305031466.695822 -0.690767169 0.731024981 -0.664336383 0.078731716 -0.063566431 -0.019214205 0.994681537
1305031466.728074 -0.668542206 0.733248234 -0.665535152 0.071294889 -0.067106046 -0.029566800 0.994756103
1305031466.759637 -0.643989146 0.726687789 -0.670534849 0.070731156 -0.068559937 -0.037276600 0.994438112
1305031466.795604 -0.630905390 0.737617671 -0.676489472 0.078704551 -0.068281218 -0.043662585 0.993597984
1305031466.827879 -0.609852076 0.752597630 -0.674950123 0.079508483 -0.074511126 -0.046485644 0.992958009
1305031466.859665 -0.597964704 0.742904305 -0.682619512 0.073340364 -0.078967549 -0.047423076 0.993044019
1305031466.895694 -0.585790813 0.754937828 -0.686765850 0.079791389 -0.088781260 -0.048479810 0.991665781
1305031466.927756 -0.564913869 0.756888330 -0.695253313 0.079681560 -0.104636326 -0.051616013 0.989968657
1305031466.959728 -0.544088304 0.755253315 -0.699845135 0.079278223 -0.115814745 -0.054500699 0.988600850
1305031466.995712 -0.522807360 0.760056257 -0.699737906 0.081434034 -0.122774243 -0.057214115 0.987431824
1305031467.027843 -0.503072977 0.761690021 -0.703816295 0.081592098 -0.128274098 -0.061889168 0.986437201
1305031467.059700 -0.481674016 0.769503951 -0.701129198 0.084453329 -0.133231550 -0.064906344 0.985344768
1305031467.095687 -0.465469688 0.769256771 -0.703798831 0.081426643 -0.134598240 -0.070877962 0.985002220
1305031467.128974 -0.452427566 0.767047882 -0.707929909 0.081094868 -0.136614338 -0.081294209 0.983946919
1305031467.159660 -0.439688534 0.772252440 -0.707311571 0.084601417 -0.139263511 -0.088982098 0.982614160
1305031467.195663 -0.429714322 0.774096191 -0.712211549 0.085709549 -0.142135233 -0.094532661 0.981588006
1305031467.227704 -0.414763451 0.775550902 -0.715067327 0.086715505 -0.149230450 -0.100914627 0.979809642
1305031467.259694 -0.396881759 0.777302861 -0.714933515 0.089249872 -0.156103402 -0.103883401 0.978199601
1305031467.295846 -0.382830471 0.779547632 -0.716532409 0.091771372 -0.161606818 -0.110404052 0.976356626
1305031467.328008 -0.368598163 0.785826325 -0.720029354 0.094487302 -0.166976139 -0.115469120 0.974606633
1305031467.359654 -0.350338131 0.791246057 -0.720288813 0.092814282 -0.175080284 -0.117018834 0.973159313
1305031467.395756 -0.334064960 0.793654442 -0.725513101 0.087479658 -0.182856292 -0.122911736 0.971495569
1305031467.427783 -0.319943786 0.792575598 -0.725286722 0.085565127 -0.189236224 -0.127314568 0.969875932
1305031467.459692 -0.304679036 0.794775486 -0.729197025 0.085594520 -0.196175635 -0.128283843 0.968365669
1305031467.496058 -0.287139118 0.801150978 -0.733461380 0.082858644 -0.203566819 -0.133716986 0.966340959
1305031467.527663 -0.269879997 0.800028145 -0.733303308 0.078018397 -0.207722113 -0.141690969 0.964721978
1305031467.559763 -0.256353498 0.796860218 -0.732077777 0.077717371 -0.208996654 -0.144560024 0.964045107
1305031467.595989 -0.243240803 0.798912048 -0.734255672 0.077996746 -0.210296839 -0.142270684 0.964080393
1305031467.627532 -0.230426818 0.787550628 -0.731906176 0.077022232 -0.216018289 -0.141691282 0.962978363
1305031467.659626 -0.218525618 0.784024417 -0.731721997 0.083824836 -0.221324265 -0.138371319 0.961687267
1305031467.695886 -0.203837693 0.784018695 -0.725192428 0.088549964 -0.226323336 -0.140070096 0.959852576
1305031467.727535 -0.188902825 0.771516085 -0.721342325 0.090810411 -0.229344815 -0.145169958 0.958164990
1305031467.759907 -0.179726794 0.765460730 -0.716372728 0.097386695 -0.231023520 -0.147677779 0.956731617
1305031467.796075 -0.169386595 0.759824932 -0.709192336 0.101640917 -0.234572425 -0.150248200 0.955023766
1305031467.827800 -0.159415126 0.745251119 -0.697542250 0.104955360 -0.238474056 -0.151111335 0.953561723
1305031467.859729 -0.152808845 0.737893999 -0.686924279 0.112813607 -0.243267894 -0.147580028 0.952005267
1305031467.895947 -0.146957010 0.727064073 -0.673211753 0.115956269 -0.251794189 -0.146237835 0.949614823
1305031467.927754 -0.138769045 0.715502799 -0.656880975 0.118975624 -0.260422528 -0.149834782 0.946347952
1305031467.959826 -0.130150110 0.699293077 -0.643136501 0.124204047 -0.266830385 -0.150740638 0.943743706
1305031467.995754 -0.122196168 0.699788213 -0.623665988 0.130139321 -0.269947886 -0.152688578 0.941742122
1305031468.028107 -0.117756635 0.679783225 -0.607517481 0.125938907 -0.271396995 -0.156263471 0.941310227
1305031468.059850 -0.114603907 0.663393676 -0.594337106 0.130359799 -0.273642987 -0.159097239 0.939581811
1305031468.095867 -0.109090149 0.657788515 -0.575807810 0.134302378 -0.277924508 -0.160786673 0.937479913
1305031468.127816 -0.102041610 0.638964832 -0.559180439 0.131550848 -0.281510830 -0.162884355 0.936437309
1305031468.159864 -0.097937085 0.624071777 -0.546524405 0.133030415 -0.283435225 -0.166162327 0.935070872
1305031468.195985 -0.089324661 0.611078918 -0.530556500 0.133132294 -0.285354197 -0.169840708 0.933810949
1305031468.228158 -0.081033938 0.587584734 -0.515983105 0.128935650 -0.286383361 -0.170146286 0.934029162
1305031468.259754 -0.074474528 0.567288518 -0.501563370 0.127631709 -0.285988986 -0.168907091 0.934553802
1305031468.295830 -0.069010690 0.548685253 -0.489553154 0.125786528 -0.284170210 -0.169219434 0.935302079
1305031468.327847 -0.062371105 0.516858220 -0.479452163 0.123199821 -0.283500254 -0.167969391 0.936074615
1305031468.359787 -0.055542707 0.502893329 -0.471645415 0.125976726 -0.281400651 -0.163020492 0.937212884
1305031468.395860 -0.051416941 0.490526974 -0.462996095 0.123971522 -0.280363262 -0.163140133 0.937770128
1305031468.428025 -0.047265537 0.462885469 -0.457420141 0.117121980 -0.280632168 -0.163932756 0.938431740
1305031468.459759 -0.045038156 0.444921523 -0.452928454 0.115344323 -0.280721128 -0.161895275 0.938978910
1305031468.495809 -0.037976488 0.423675209 -0.446171999 0.111267172 -0.280543506 -0.162675157 0.939389050
1305031468.527756 -0.043663472 0.398214489 -0.442994982 0.109148622 -0.277536750 -0.168325797 0.939535260
1305031468.559739 -0.047689401 0.372744381 -0.445783913 0.113804474 -0.275838792 -0.177598983 0.937774062
1305031468.595768 -0.049202390 0.363034189 -0.447639048 0.117684714 -0.275392771 -0.183812663 0.936227620
1305031468.627626 -0.054657340 0.346195370 -0.445336133 0.111399502 -0.275965542 -0.186043411 0.936387241
1305031468.659579 -0.062818177 0.319680274 -0.448131919 0.107096560 -0.278539121 -0.187855378 0.935765326
1305031468.695835 -0.071080074 0.297336936 -0.448909253 0.109428361 -0.283957630 -0.191167831 0.933192611
1305031468.727785 -0.073145494 0.286279976 -0.443523020 0.114761434 -0.291140676 -0.192120776 0.930137932
1305031468.759628 -0.075509697 0.269529134 -0.442838281 0.115314819 -0.295542896 -0.192768633 0.928545713
1305031468.795796 -0.081205063 0.244729459 -0.440693796 0.116606168 -0.298012167 -0.196967795 0.926712155
1305031468.829247 -0.087672763 0.230055183 -0.442232937 0.125059128 -0.298943818 -0.203504428 0.923893332
1305031468.859659 -0.082265265 0.227082059 -0.434121430 0.129851356 -0.300421238 -0.206364959 0.922116697
1305031468.895873 -0.085206561 0.214760542 -0.427832186 0.127100676 -0.296209872 -0.208139330 0.923462629
1305031468.928141 -0.090271056 0.203938395 -0.427273095 0.122778602 -0.289955944 -0.205978692 0.926511645
1305031468.959594 -0.098546065 0.204637840 -0.429567546 0.117279917 -0.282263100 -0.203494310 0.930141389
1305031468.995711 -0.101110950 0.213593170 -0.425997674 0.106864601 -0.278415143 -0.207522765 0.931664765
1305031469.027699 -0.106875628 0.196005076 -0.419399142 0.084569007 -0.275900900 -0.214693323 0.933077514
1305031469.059832 -0.116844833 0.182628199 -0.415059060 0.070254654 -0.273790240 -0.224415913 0.932598889
1305031469.095723 -0.109284781 0.186901018 -0.400446475 0.063445769 -0.275512159 -0.234145075 0.930184841
1305031469.127679 -0.119960181 0.169350341 -0.391653061 0.047626141 -0.266739428 -0.247920483 0.930116832
1305031469.159703 -0.122606106 0.160488069 -0.381732732 0.036958065 -0.258498907 -0.253618479 0.931391478
1305031469.195540 -0.130105868 0.147731036 -0.373116553 0.027376773 -0.248416692 -0.259430647 0.932864130
1305031469.227754 -0.143237978 0.144801453 -0.364956051 0.022714294 -0.240347669 -0.263416409 0.933985472
1305031469.259586 -0.146104783 0.145512179 -0.353088707 0.019204907 -0.237918735 -0.267464489 0.933535516
1305031469.296754 -0.152312309 0.143042952 -0.341638446 0.014142307 -0.232857794 -0.269825429 0.934222460
1305031469.327618 -0.156210154 0.144025683 -0.333235413 0.008807949 -0.229116172 -0.271762073 0.934651673
1305031469.359592 -0.160364851 0.142059475 -0.316643208 0.001901563 -0.223692447 -0.277258307 0.934390724
1305031469.395695 -0.160427749 0.131120414 -0.304997623 -0.002205913 -0.213655561 -0.284310490 0.934619725
1305031469.427651 -0.165650725 0.140639842 -0.293702751 0.000600509 -0.200564384 -0.289102137 0.936052084
1305031469.459668 -0.170480058 0.143893942 -0.282070339 -0.000013842 -0.190727472 -0.295619309 0.936072826
1305031469.495744 -0.188178211 0.154705971 -0.269990832 0.000261695 -0.181088910 -0.300018132 0.936587393
1305031469.527622 -0.190690458 0.168117225 -0.257482111 -0.000677567 -0.181334257 -0.299809664 0.936606467
1305031469.559645 -0.189244896 0.169898033 -0.241753131 -0.009038114 -0.184492067 -0.299636573 0.936001539
1305031469.595755 -0.189651430 0.175076783 -0.229620144 -0.018468002 -0.185467750 -0.298911840 0.935901880
1305031469.627752 -0.192264438 0.182515606 -0.216415301 -0.027887961 -0.183572710 -0.300075233 0.935669959
1305031469.659590 -0.198750466 0.191551268 -0.201530918 -0.033716168 -0.178896621 -0.299548686 0.936552107
1305031469.695613 -0.203142509 0.205084175 -0.189026222 -0.036838315 -0.174436033 -0.298182636 0.937711120
1305031469.727679 -0.208112106 0.214995489 -0.176741019 -0.042413712 -0.169411242 -0.297264606 0.938687742
1305031469.759599 -0.213784367 0.229131103 -0.164781988 -0.047762670 -0.165204793 -0.294066548 0.940186679
1305031469.795621 -0.223002523 0.239052087 -0.153797284 -0.056751672 -0.162854284 -0.292567521 0.940564752
1305031469.827526 -0.229732692 0.251396328 -0.144230664 -0.062891103 -0.164248988 -0.290102124 0.940695405
1305031469.859574 -0.237149298 0.268502563 -0.135901913 -0.068672717 -0.165285975 -0.287373185 0.940947056
1305031469.895755 -0.246436864 0.284604847 -0.128432944 -0.073094532 -0.165367126 -0.284869283 0.941360950
1305031469.927854 -0.254108518 0.301913321 -0.120397113 -0.075746283 -0.167554215 -0.280901223 0.941956818
1305031469.959805 -0.265041053 0.318838745 -0.114772268 -0.077041194 -0.169431195 -0.278004885 0.942375243
1305031469.995551 -0.275593132 0.332343370 -0.110747553 -0.079908133 -0.171091646 -0.276275158 0.942345202
1305031470.027694 -0.287735999 0.346403092 -0.107940055 -0.083121210 -0.172553584 -0.276052505 0.941865802
1305031470.059638 -0.298578918 0.365545809 -0.107285380 -0.082801931 -0.171943381 -0.275178820 0.942261100
1305031470.095944 -0.311025053 0.378130674 -0.105468638 -0.085659727 -0.171517089 -0.273689955 0.942516923
1305031470.127633 -0.322262824 0.392562509 -0.106479026 -0.090413734 -0.171093225 -0.271500379 0.942783117
1305031470.159626 -0.333489746 0.408877760 -0.106627904 -0.092736475 -0.171734571 -0.268152833 0.943398833
1305031470.196092 -0.345810354 0.421969712 -0.109449893 -0.095317207 -0.172715500 -0.265300095 0.943769038
1305031470.227618 -0.358822435 0.434767336 -0.113227814 -0.099893130 -0.171632156 -0.262533188 0.944266975
1305031470.259965 -0.371169567 0.444177151 -0.114781134 -0.106846631 -0.171444312 -0.260567069 0.944084525
1305031470.295718 -0.383121014 0.458499402 -0.118821763 -0.111608073 -0.169565424 -0.258105725 0.944548905
1305031470.327644 -0.396276176 0.472437441 -0.120081209 -0.117934495 -0.168682411 -0.254345119 0.944958329
1305031470.359624 -0.410389125 0.485745370 -0.123097055 -0.123127580 -0.168605760 -0.250288129 0.945392847
1305031470.395823 -0.424398184 0.499079823 -0.125927269 -0.126174271 -0.168483108 -0.246880457 0.945908904
1305031470.427641 -0.435960472 0.509986103 -0.131165341 -0.126612842 -0.170657933 -0.247657731 0.945256948
1305031470.459721 -0.448273838 0.518823504 -0.134685278 -0.126318201 -0.172085628 -0.247087196 0.945186853
1305031470.495686 -0.460924685 0.526975632 -0.139435336 -0.125883773 -0.173252463 -0.245636880 0.945409715
1305031470.527689 -0.473821104 0.533874869 -0.144176751 -0.126681477 -0.173277900 -0.245596752 0.945308864
1305031470.559677 -0.485887289 0.541613817 -0.147855267 -0.127820328 -0.171886563 -0.245344535 0.945475101
1305031470.595760 -0.496614367 0.546313941 -0.150668949 -0.130089894 -0.171995237 -0.242762312 0.945812225
1305031470.627729 -0.507590771 0.553228974 -0.152256012 -0.132810965 -0.171072021 -0.238026083 0.946804762
1305031470.659690 -0.518379271 0.559921324 -0.154737070 -0.134490103 -0.170225576 -0.233150914 0.947932661
1305031470.695630 -0.529989123 0.564980805 -0.155245528 -0.138253585 -0.170430005 -0.230363041 0.948036134
1305031470.727654 -0.543564200 0.569598675 -0.156045854 -0.139030471 -0.168928072 -0.229496792 0.948401332
1305031470.759682 -0.552556694 0.568690300 -0.160827428 -0.143234462 -0.164760754 -0.227487221 0.948992848
1305031470.795615 -0.560836077 0.575673163 -0.160990477 -0.143677711 -0.160433650 -0.222722411 0.950795710
1305031470.827831 -0.570857823 0.580459416 -0.160253704 -0.139672160 -0.159974083 -0.217701957 0.952631056
1305031470.859645 -0.581154287 0.582288861 -0.162238508 -0.135883197 -0.159609213 -0.213393226 0.954213858
1305031470.895722 -0.589760780 0.582823575 -0.165598810 -0.133215487 -0.161295012 -0.208141103 0.955465853
1305031470.927684 -0.600131094 0.585209727 -0.167330369 -0.128812686 -0.163242355 -0.203270003 0.956786573
1305031470.959647 -0.611474097 0.584913373 -0.171371341 -0.119695522 -0.164893717 -0.201061189 0.958153129
1305031470.995996 -0.620938599 0.582967639 -0.176811785 -0.113210432 -0.164760634 -0.198598057 0.959477067
1305031471.027644 -0.630894899 0.575441182 -0.181434080 -0.110229798 -0.162447512 -0.196149945 0.960721314
1305031471.059636 -0.639056146 0.578064680 -0.182948232 -0.097855017 -0.160100400 -0.190496534 0.963588774
1305031471.095777 -0.648196340 0.572819114 -0.187345490 -0.094532631 -0.159110695 -0.183124080 0.965511799
1305031471.127663 -0.655857682 0.572123230 -0.190890089 -0.088649511 -0.159346610 -0.176747113 0.967217922
1305031471.159649 -0.662013650 0.567852795 -0.195656031 -0.086010009 -0.158896774 -0.169698641 0.968791246
1305031471.195703 -0.669237196 0.567004859 -0.198693171 -0.084799074 -0.155153647 -0.163615808 0.970549524
1305031471.227569 -0.674283624 0.568998218 -0.199214563 -0.083152108 -0.153178260 -0.157838136 0.971961617
1305031471.259722 -0.683866262 0.566628754 -0.202721134 -0.085125558 -0.148781657 -0.155290857 0.972883642
1305031471.296068 -0.687477827 0.564668357 -0.202463284 -0.084505506 -0.148405164 -0.150443524 0.973756433
1305031471.327642 -0.689873695 0.565541685 -0.205085814 -0.079196572 -0.145304278 -0.147119269 0.975177169
1305031471.359615 -0.693234205 0.566626668 -0.208215505 -0.077465534 -0.137402222 -0.144966662 0.976782680
1305031471.395730 -0.701903820 0.560727715 -0.210046858 -0.080106571 -0.128363252 -0.140023306 0.978518963
1305031471.427704 -0.711892545 0.560627818 -0.214091331 -0.076676369 -0.122497492 -0.132575691 0.980580866
1305031471.459647 -0.713626146 0.561617672 -0.217136577 -0.075617604 -0.124507271 -0.127039835 0.981142640
1305031471.496491 -0.715807796 0.561765730 -0.219050735 -0.076245882 -0.125217870 -0.122372001 0.981596708
1305031471.527624 -0.719322205 0.559586167 -0.222165629 -0.077774823 -0.124652453 -0.117987357 0.982085526
1305031471.559671 -0.721576273 0.560699463 -0.225672647 -0.077397034 -0.122933768 -0.115973897 0.982571661
1305031471.595702 -0.724278092 0.559751809 -0.228416726 -0.077941060 -0.118129581 -0.114179857 0.983327866
1305031471.627621 -0.726811826 0.558075666 -0.231853947 -0.078377575 -0.113378704 -0.112618245 0.984032214
1305031471.659642 -0.730838180 0.557200432 -0.235323727 -0.077295922 -0.106944121 -0.109346323 0.985206425
1305031471.695609 -0.731756210 0.560465097 -0.239244685 -0.073591001 -0.103267558 -0.103705764 0.986491442
1305031471.727501 -0.733871043 0.565512240 -0.242479518 -0.071905829 -0.098695457 -0.099359266 0.987530589
1305031471.759702 -0.734016061 0.562340975 -0.243465483 -0.075477280 -0.094913289 -0.093382329 0.988217831
1305031471.795801 -0.736086845 0.564213693 -0.247587219 -0.074445806 -0.087150671 -0.085392214 0.989732683
1305031471.827639 -0.739395380 0.570123971 -0.250343084 -0.075865395 -0.080792584 -0.077933833 0.990779161
1305031471.859665 -0.741779029 0.567522943 -0.249786258 -0.082698785 -0.077198893 -0.072093643 0.990961015
1305031471.895604 -0.742532849 0.573612869 -0.251475245 -0.083857052 -0.073243633 -0.065078542 0.991649210
1305031471.927651 -0.743371248 0.574069977 -0.251127303 -0.091084115 -0.068876207 -0.061572336 0.991548598
1305031471.959643 -0.748545527 0.573893487 -0.248867095 -0.093312658 -0.060040761 -0.061167181 0.991940796
1305031471.995573 -0.751346469 0.581882477 -0.251623333 -0.090007044 -0.051956505 -0.056354105 0.992987156
1305031472.027638 -0.756304801 0.588059843 -0.251955450 -0.095829122 -0.044930980 -0.053803291 0.992926598
1305031472.059668 -0.761347175 0.583983302 -0.249448925 -0.102004580 -0.039478108 -0.051446732 0.992668033
1305031472.095601 -0.767078400 0.591328859 -0.251710653 -0.098411933 -0.032549147 -0.045805011 0.993558049
1305031472.127594 -0.773416281 0.598597765 -0.252230614 -0.100701764 -0.028213998 -0.042540450 0.993606269
1305031472.159645 -0.777481019 0.592974603 -0.249509335 -0.107966602 -0.027443612 -0.040948369 0.992931664
1305031472.195682 -0.782345951 0.592518151 -0.250019699 -0.105221555 -0.025172876 -0.036173575 0.993471861
1305031472.227626 -0.783273041 0.594319105 -0.251245290 -0.102178097 -0.025425792 -0.033551611 0.993875027
1305031472.263840 -0.786696196 0.589695811 -0.250747412 -0.102564014 -0.023155885 -0.032826077 0.993914962
1305031472.295671 -0.789499342 0.588554740 -0.251864433 -0.096040867 -0.020045571 -0.030548086 0.994706631
1305031472.327678 -0.791672707 0.590279460 -0.253240615 -0.090027474 -0.018371753 -0.028521396 0.995361269
1305031472.363577 -0.792488456 0.592731178 -0.255425572 -0.087901615 -0.018793697 -0.027227493 0.995579600
1305031472.395599 -0.796186566 0.587432504 -0.254873067 -0.090708613 -0.018979227 -0.025476564 0.995370626
1305031472.427686 -0.795435309 0.584788561 -0.254460007 -0.089300938 -0.023116903 -0.025036836 0.995421588
1305031472.463603 -0.793410480 0.583188355 -0.254824370 -0.087037161 -0.025693577 -0.026251353 0.995527625
1305031472.495626 -0.793154597 0.581435800 -0.255636245 -0.087227590 -0.023632435 -0.027069695 0.995540142
1305031472.527625 -0.795571506 0.571541250 -0.255370259 -0.091639563 -0.019994281 -0.026354037 0.995242655
1305031472.563587 -0.794534624 0.568923712 -0.255799204 -0.085772283 -0.020931315 -0.024239454 0.995799899
1305031472.595675 -0.791601896 0.574566662 -0.256891102 -0.076535478 -0.023607202 -0.021140279 0.996563196
1305031472.627701 -0.788878620 0.567763090 -0.255708158 -0.079798341 -0.025733089 -0.018948046 0.996298671
1305031472.663575 -0.786692023 0.563291252 -0.255036801 -0.080141105 -0.026973866 -0.018434033 0.996248007
1305031472.695755 -0.786082029 0.559527278 -0.254004389 -0.078852907 -0.027155649 -0.016898863 0.996373057
1305031472.727628 -0.785232186 0.553255796 -0.253619343 -0.078786418 -0.027630588 -0.017133372 0.996361256
1305031472.763578 -0.782035708 0.551759779 -0.253784299 -0.076260410 -0.028761584 -0.018293999 0.996505141
1305031472.795640 -0.781232297 0.549038708 -0.250942200 -0.074359991 -0.027720079 -0.019955548 0.996646345
1305031472.827627 -0.780035853 0.548498631 -0.250364065 -0.070383020 -0.027192079 -0.019387176 0.996960878
1305031472.863598 -0.781651139 0.546380103 -0.248978496 -0.068997771 -0.026152311 -0.018421737 0.997103810
1305031472.895713 -0.779756248 0.546881139 -0.248547539 -0.068003073 -0.028757807 -0.015444905 0.997150958
1305031472.927685 -0.777829945 0.543501854 -0.246693119 -0.069706105 -0.030673195 -0.014283145 0.996993601
1305031472.963756 -0.778258502 0.542034626 -0.245874763 -0.069940917 -0.029922707 -0.013143864 0.997015655
1305031472.995704 -0.780688047 0.539478123 -0.245073229 -0.072244324 -0.029095180 -0.012640123 0.996882379
1305031473.027638 -0.779317677 0.543237925 -0.243917108 -0.069893681 -0.031479675 -0.012488139 0.996979415
1305031473.063684 -0.778266072 0.538569272 -0.242606610 -0.073399685 -0.032557778 -0.013852330 0.996674776
1305031473.095695 -0.778172314 0.538536370 -0.242152572 -0.072403319 -0.031525459 -0.015542164 0.996755898
1305031473.127744 -0.779435635 0.535432041 -0.241712824 -0.074253455 -0.029767310 -0.017193422 0.996646762
1305031473.167060 -0.780812144 0.535609066 -0.241229132 -0.072809525 -0.029691814 -0.017730333 0.996746123
1305031473.196069 -0.779473424 0.535924196 -0.241710708 -0.070912883 -0.031175697 -0.017466517 0.996842265
