1305031453.359684 0.0000000 0.0000000 0.0000000 -0.0000000 -0.0000000 -0.0000000 1.0000000
1305031453.491698 0.0145266 0.0149063 -0.0394152 0.0082516 0.0230039 0.0401715 0.9988939
1305031453.523684 0.0139700 0.0221766 -0.0524374 0.0162545 0.0284784 0.0494347 0.9982389
1305031453.627706 0.0030523 0.0435111 -0.0987344 0.0391685 0.0381626 0.0642800 0.9964324
1305031453.759694 -0.0459444 0.0797979 -0.1557150 0.0647310 0.0237525 0.0445742 0.9966238
1305031453.859705 -0.0886225 0.1048741 -0.1922946 0.0740139 -0.0003631 0.0217854 0.9970192
1305031453.927723 -0.1105587 0.1201330 -0.2034589 0.0721048 -0.0364134 0.0113758 0.9966673
1305031453.991624 -0.1249329 0.1236285 -0.2166990 0.0667072 -0.0668754 -0.0081201 0.9954959
1305031454.059654 -0.1469412 0.1314642 -0.2266020 0.0701938 -0.0908217 -0.0308222 0.9929120
1305031454.127701 -0.1733639 0.1318761 -0.2336700 0.0724924 -0.1158982 -0.0593522 0.9888325
1305031454.191658 -0.2091877 0.1431407 -0.2423033 0.0717211 -0.1429373 -0.0867962 0.9833064
1305031454.259627 -0.2248659 0.1446713 -0.2373152 0.0790237 -0.1749230 -0.1195442 0.9740978
1305031454.391677 -0.2582755 0.1531486 -0.2478495 0.0847237 -0.2113941 -0.1744863 0.9579608
1305031454.527700 -0.2803531 0.1785751 -0.2519637 0.0928482 -0.2449086 -0.2357658 0.9358491
1305031454.591635 -0.2956283 0.1987396 -0.2565417 0.0899618 -0.2588644 -0.2666824 0.9240003
1305031454.659528 -0.2920030 0.2132232 -0.2622997 0.0825810 -0.2849228 -0.2853915 0.9113458
1305031454.759732 -0.2782033 0.2227451 -0.2552732 0.0631576 -0.3228715 -0.2917289 0.8981422
1305031455.191655 -0.2992045 0.3499901 -0.2939905 0.0367252 -0.2778143 -0.2274733 0.9325912
1305031455.527610 -0.4239515 0.4044282 -0.3562503 -0.0240003 -0.2254384 -0.1403990 0.9637892
1305031455.659615 -0.4941602 0.4048307 -0.3990588 -0.0325987 -0.2173621 -0.0948970 0.9709200
1305031455.827590 -0.5760868 0.3932465 -0.4635270 -0.0210991 -0.1922796 -0.1035952 0.9756287
1305031456.091707 -0.6783389 0.3638546 -0.5414006 -0.0426655 -0.1518253 -0.1296780 0.9789343
1305031456.227678 -0.7195132 0.3426147 -0.5563976 -0.0373484 -0.1221328 -0.1260832 0.9837641
1305031456.327718 -0.7610565 0.3129392 -0.5562723 -0.0367627 -0.0858545 -0.1134874 0.9891401
1305031456.491677 -0.8440247 0.3352528 -0.5334055 -0.0230266 -0.0352989 -0.0845052 0.9955313
1305031456.591651 -0.8754457 0.3382520 -0.5070497 -0.0310852 -0.0322023 -0.0671185 0.9967406
1305031456.727693 -0.9428222 0.3515773 -0.4647566 -0.0569266 -0.0075131 -0.0356245 0.9977143
1305031456.891672 -0.9961116 0.3478108 -0.4086452 -0.0734567 -0.0186113 -0.0007507 0.9971245
1305031457.091655 -1.0705469 0.3741331 -0.3775568 -0.0883932 0.0165898 0.0267456 0.9955883
1305031457.291656 -1.1519760 0.3525460 -0.3973448 -0.0865066 0.0650389 0.0609793 0.9922540
1305031457.491705 -1.2536845 0.3250669 -0.4461776 -0.0744162 0.1176818 0.0943912 0.9857503
1305031457.659632 -1.3369234 0.3038896 -0.4857106 -0.0574165 0.1392946 0.1107319 0.9823639
1305031457.791567 -1.3822256 0.2486774 -0.5011599 -0.0600974 0.1470896 0.1095908 0.9811946
1305031457.927633 -1.4549665 0.2168245 -0.5119783 -0.0267530 0.1817639 0.1122295 0.9765504
1305031458.059689 -1.5102001 0.1957473 -0.5066586 0.0037248 0.1945683 0.1194516 0.9735813
1305031458.191646 -1.5810933 0.1797748 -0.4568357 0.0057941 0.2120474 0.1272453 0.9689226
1305031458.327628 -1.6445994 0.1370824 -0.3859660 0.0030660 0.2046406 0.1278405 0.9704482
1305031458.459637 -1.6602908 0.1068567 -0.3263370 0.0409280 0.2010960 0.1473593 0.9675590
1305031458.591641 -1.6941565 0.1385615 -0.2380210 0.1046396 0.2427898 0.1293139 0.9557100
1305031458.759945 -1.7168721 0.1679480 -0.1288630 0.1038149 0.1998118 0.1006299 0.9691085
1305031458.927621 -1.6942875 0.1825963 -0.0803894 0.1035850 0.1704979 0.0834436 0.9763390
1305031459.059631 -1.7536330 0.1273270 -0.0276062 0.1113162 0.1806570 0.1080582 0.9712338
1305031459.127618 -1.7964183 0.1150378 0.0226845 0.1386259 0.1482386 0.1163803 0.9722468
1305031459.259760 -1.8239036 0.1064864 0.0472481 0.1564073 0.0831332 0.1506769 0.9725853
1305031459.327632 -1.8322656 0.1076380 0.0484392 0.1503563 0.1089963 0.1786356 0.9662309
1305031459.391667 -1.8479849 0.1491418 0.0923284 0.1622036 0.1575340 0.2181011 0.9493709
1305031459.527594 -1.9253607 0.1597549 0.1165402 0.1363610 0.2743868 0.3613170 0.8806632
1305031459.559647 -1.9400518 0.1495036 0.1295021 0.1312799 0.2933897 0.3858309 0.8647674
1305031459.691604 -1.9992555 0.1371213 0.1637979 0.1225966 0.3230466 0.4168768 0.8407286
1305031459.827664 -2.0538912 0.0745946 0.1925432 0.1119357 0.3461764 0.4130396 0.8348836
1305031459.927607 -2.0826483 0.0267598 0.2162015 0.1009119 0.3387229 0.4193789 0.8361847
1305031460.027565 -2.0992787 -0.0163795 0.2400496 0.0952658 0.3357680 0.4305159 0.8323703
1305031460.127690 -2.1162484 -0.0698892 0.2610703 0.1029557 0.3247117 0.4482205 0.8264750
1305031460.227761 -2.1069059 -0.0982975 0.2786665 0.1118449 0.3048082 0.4672729 0.8223374
1305031460.391611 -2.1049676 -0.1555072 0.3047758 0.1058845 0.3497702 0.4744006 0.8008704
1305031460.491504 -2.1041157 -0.1806353 0.3241239 0.0961176 0.3863537 0.4882416 0.7766031
1305031460.591855 -2.0965283 -0.2179326 0.3427936 0.0756934 0.4149509 0.5028212 0.7544913
1305031460.691671 -2.0989320 -0.2543451 0.3684837 0.0656156 0.4383995 0.5044807 0.7409452
1305031460.827660 -2.0910728 -0.2979616 0.4038495 0.0470273 0.4527615 0.5014966 0.7357286
1305031460.991668 -2.0557671 -0.3572125 0.4412043 0.0184348 0.4658293 0.5021693 0.7283469
1305031461.127586 -2.0292139 -0.3932527 0.4697804 0.0183342 0.4679150 0.5010726 0.7277676
1305031461.259642 -2.0010486 -0.4225917 0.4947686 0.0207337 0.4741583 0.4890081 0.7318573
1305031461.427624 -1.9663727 -0.4314648 0.5183444 0.0088699 0.4807302 0.4754689 0.7367151
1305031461.559677 -1.9419289 -0.4273919 0.5098453 0.0052265 0.4802700 0.4742160 0.7378567
1305031461.759684 -1.9350135 -0.3912063 0.4913878 -0.0027041 0.4998131 0.4802040 0.7208215
1305031461.891723 -1.9518081 -0.3372028 0.4764863 -0.0029780 0.5081511 0.5035437 0.6987255
1305031462.059837 -1.9750375 -0.2800403 0.4678787 -0.0228014 0.5043624 0.5453615 0.6690885
1305031462.291629 -2.0110724 -0.2292103 0.4620197 -0.0477234 0.4804465 0.5738099 0.6615405
1305031462.459897 -2.0589082 -0.1955072 0.4867002 -0.0885026 0.4602328 0.5544801 0.6876809
1305031462.591862 -2.0902724 -0.1670223 0.4731163 -0.1089911 0.4235486 0.5392566 0.7196735
1305031462.859782 -2.1651390 -0.1013067 0.4068292 -0.1150121 0.3829511 0.4734903 0.7848105
1305031463.027667 -2.1791050 -0.0510376 0.3322206 -0.1016162 0.3669594 0.4556770 0.8045952
1305031463.227784 -2.1906304 0.0068570 0.2417829 -0.0878392 0.3478383 0.4075032 0.8397821
1305031463.395630 -2.1753774 0.0522357 0.1740203 -0.0688121 0.3332891 0.3873391 0.8568266
1305031463.559751 -2.1360338 0.1057035 0.1052113 -0.0641644 0.3326238 0.3775981 0.8617796
1305031463.727588 -2.0842018 0.1278808 0.0134234 -0.0571505 0.3239943 0.3685118 0.8694599
1305031463.895648 -2.0319247 0.1257999 -0.0880781 -0.0485372 0.3346650 0.3229262 0.8839470
1305031464.095634 -1.9813223 0.1014833 -0.2044275 -0.0402279 0.3242652 0.2783469 0.9031926
1305031464.295667 -1.9739013 0.0779224 -0.2862406 0.0016701 0.2787150 0.2528001 0.9265028
1305031464.559703 -1.8742416 0.0797268 -0.4449777 0.0156138 0.2306992 0.1921834 0.9537293
1305031464.627672 -1.8312417 0.0552811 -0.4977668 0.0197226 0.2408867 0.1735589 0.9547052
1305031464.727652 -1.8286903 0.0329544 -0.5405898 0.0511334 0.2769006 0.1204037 0.9519529
1305031464.759740 -1.8281697 0.0442174 -0.5448858 0.0636288 0.2777503 0.0991651 0.9534005
1305031464.895817 -1.7901492 0.0536375 -0.5536618 0.0850127 0.2252892 0.0297337 0.9701204
1305031464.927799 -1.7704508 0.0309195 -0.5610933 0.0764025 0.2116470 0.0093184 0.9743108
1305031465.095700 -1.6801486 0.0933198 -0.5245872 0.0941806 0.1796180 -0.0809235 0.9758682
1305031465.127664 -1.6602403 0.1014726 -0.5197118 0.0751556 0.1641951 -0.0943236 0.9790275
1305031465.427697 -1.4626244 0.1591409 -0.4345521 0.0119131 0.0368700 -0.0550061 0.9977340
1305031465.695668 -1.2590417 0.2782789 -0.4623992 0.0476302 -0.0461370 0.0138149 0.9977034
1305031465.927495 -1.0879511 0.4249231 -0.4900604 0.1015778 -0.0603422 0.0536070 0.9915478
1305031466.195833 -0.9720874 0.6036913 -0.5325292 0.1074992 -0.0666051 0.0544984 0.9904734
1305031466.560353 -0.7735000 0.7032692 -0.6489701 0.0860709 -0.0657040 -0.0006900 0.9941199
1305031466.895694 -0.5857908 0.7549378 -0.6867658 0.0797914 -0.0887813 -0.0484798 0.9916658
1305031467.259694 -0.3968818 0.7773029 -0.7149335 0.0892499 -0.1561034 -0.1038834 0.9781996
1305031467.496058 -0.2871392 0.8011510 -0.7334614 0.0828586 -0.2035668 -0.1337170 0.9663410
1305031467.727535 -0.1889028 0.7715161 -0.7213423 0.0908104 -0.2293448 -0.1451700 0.9581650
1305031467.895947 -0.1469570 0.7270641 -0.6732118 0.1159563 -0.2517942 -0.1462378 0.9496148
1305031468.095867 -0.1090901 0.6577886 -0.5758078 0.1343024 -0.2779245 -0.1607867 0.9374799
1305031468.259754 -0.0744745 0.5672885 -0.5015634 0.1276317 -0.2859890 -0.1689071 0.9345538
1305031468.428025 -0.0472656 0.4628854 -0.4574201 0.1171220 -0.2806322 -0.1639328 0.9384317
1305031468.559739 -0.0476894 0.3727444 -0.4457839 0.1138045 -0.2758388 -0.1775990 0.9377741
1305031468.759628 -0.0755097 0.2695291 -0.4428383 0.1153148 -0.2955429 -0.1927686 0.9285457
1305031468.959594 -0.0985461 0.2046378 -0.4295675 0.1172799 -0.2822631 -0.2034943 0.9301414
1305031469.195540 -0.1301059 0.1477311 -0.3731166 0.0273768 -0.2484167 -0.2594306 0.9328641
1305031469.395695 -0.1604277 0.1311204 -0.3049976 -0.0022059 -0.2136556 -0.2843105 0.9346197
1305031469.595755 -0.1896514 0.1750768 -0.2296201 -0.0184680 -0.1854677 -0.2989118 0.9359019
1305031469.795621 -0.2230026 0.2390521 -0.1537973 -0.0567517 -0.1628543 -0.2925675 0.9405648
1305031469.959805 -0.2650411 0.3188387 -0.1147723 -0.0770412 -0.1694312 -0.2780049 0.9423752
1305031470.127633 -0.3222628 0.3925625 -0.1064790 -0.0904137 -0.1710932 -0.2715004 0.9427831
1305031470.295718 -0.3831210 0.4584995 -0.1188217 -0.1116081 -0.1695654 -0.2581057 0.9445489
1305031470.459721 -0.4482738 0.5188235 -0.1346853 -0.1263182 -0.1720856 -0.2470872 0.9451869
1305031470.727654 -0.5435642 0.5695987 -0.1560459 -0.1390305 -0.1689281 -0.2294968 0.9484013
1305031470.927684 -0.6001312 0.5852098 -0.1673304 -0.1288127 -0.1632424 -0.2032700 0.9567866
1305031471.095777 -0.6481964 0.5728191 -0.1873455 -0.0945326 -0.1591107 -0.1831241 0.9655118
1305031471.327642 -0.6898737 0.5655416 -0.2050858 -0.0791966 -0.1453043 -0.1471193 0.9751772
1305031471.795801 -0.7360868 0.5642137 -0.2475872 -0.0744458 -0.0871507 -0.0853922 0.9897327
1305031472.127594 -0.7734163 0.5985978 -0.2522306 -0.1007018 -0.0282140 -0.0425404 0.9936063
