1311867170.462290 0.0000000 0.0000000 0.0000000 -0.0000000 -0.0000000 -0.0000000 1.0000000
1311867170.962147 -0.0196480 -0.0204907 -0.0366668 0.0033630 -0.0167939 -0.0073508 0.9998263
1311867171.094235 -0.0156051 -0.0293473 -0.0504851 0.0094213 -0.0194351 -0.0105346 0.9997113
1311867171.462244 -0.0022117 -0.0281999 -0.0659679 0.0066903 -0.0051227 -0.0184890 0.9997936
1311867171.926222 -0.0337082 -0.0299482 -0.0806687 0.0110163 -0.0170521 -0.0263936 0.9994455
1311867174.194398 -0.2029879 -0.0142938 -0.0989272 -0.0281055 -0.0504354 -0.0326397 0.9977981
1311867174.426679 -0.2197280 -0.0151896 -0.1008382 -0.0331727 -0.0503986 -0.0357183 0.9975389
1311867174.894420 -0.2438380 -0.0099673 -0.1009169 -0.0327040 -0.0605022 -0.0357355 0.9969919
1311867176.026851 -0.3292432 0.0016838 -0.1007471 -0.0507490 -0.0687021 -0.0422565 0.9954491
1311867176.362456 -0.3417542 0.0140375 -0.1068847 -0.0364191 -0.0702316 -0.0421263 0.9959752
1311867176.726589 -0.3667309 0.0181156 -0.1216286 -0.0330112 -0.0734056 -0.0441306 0.9957783
1311867176.965061 -0.3825536 0.0267135 -0.1181598 -0.0297493 -0.0786970 -0.0475036 0.9953217
1311867177.362771 -0.4099564 0.0257047 -0.1263899 -0.0296350 -0.0836955 -0.0518789 0.9946986
1311867177.730584 -0.4258354 0.0345080 -0.1320178 -0.0312726 -0.0900402 -0.0521263 0.9940813
1311867178.162747 -0.4435719 0.0404339 -0.1473705 -0.0285142 -0.0919447 -0.0503655 0.9940807
1311867178.462874 -0.4680588 0.0430604 -0.1497393 -0.0287292 -0.0993488 -0.0519581 0.9932798
1311867178.895017 -0.4832915 0.0471824 -0.1502043 -0.0271431 -0.0983324 -0.0514526 0.9934519
1311867179.162754 -0.4919353 0.0439336 -0.1578990 -0.0186980 -0.0847409 -0.0558280 0.9946621
1311867179.494947 -0.5059509 0.0513778 -0.1648718 -0.0186409 -0.1028960 -0.0510713 0.9932052
1311867179.830753 -0.5216451 0.0563848 -0.1695309 -0.0246291 -0.1093100 -0.0521584 0.9923328
1311867181.234246 -0.4764321 0.0599182 -0.1618042 -0.0259604 -0.1077508 -0.0642769 0.9917582
1311867181.662857 -0.4522027 0.0558105 -0.1632967 -0.0288505 -0.1081047 -0.0595755 0.9919333
1311867182.399028 -0.4119573 0.0392007 -0.1563980 -0.0246273 -0.1061078 -0.0523267 0.9926714
1311867182.630845 -0.3991596 0.0337119 -0.1592355 -0.0154909 -0.0967695 -0.0559771 0.9936107
1311867182.896985 -0.3814310 0.0310131 -0.1640973 -0.0135226 -0.0913576 -0.0552921 0.9941900
1311867183.466738 -0.3539342 0.0250806 -0.1550684 -0.0166523 -0.0905304 -0.0612335 0.9938700
1311867183.830907 -0.3335314 0.0161820 -0.1510803 -0.0189051 -0.0854500 -0.0616596 0.9942530
1311867184.230936 -0.3106834 0.0073009 -0.1461696 -0.0202380 -0.0851598 -0.0630990 0.9941613
1311867184.568280 -0.2946638 0.0058549 -0.1455619 -0.0209316 -0.0797746 -0.0622413 0.9946476
1311867185.136065 -0.2416839 -0.0109180 -0.1220302 -0.0204055 -0.0795174 -0.0611201 0.9947487
1311867185.437322 -0.2119648 -0.0179915 -0.1071412 -0.0231399 -0.0811882 -0.0552371 0.9948980
1311867185.965051 -0.1614959 -0.0377001 -0.0880470 -0.0303787 -0.0811072 -0.0583703 0.9945309
1311867186.704365 -0.1236329 -0.0549333 -0.0765588 -0.0447170 -0.0851912 -0.0684551 0.9930039
1311867186.965693 -0.1038557 -0.0411840 -0.0747383 -0.0485031 -0.0783978 -0.0545375 0.9942470
1311867190.163525 0.2278978 -0.0747328 -0.1035778 -0.0263590 -0.0569483 -0.0493801 0.9968068
1311867190.431374 0.2563485 -0.0700213 -0.0990490 -0.0184252 -0.0587544 -0.0453930 0.9970697
1311867190.631421 0.2756023 -0.0743113 -0.0950801 -0.0240842 -0.0591635 -0.0443245 0.9969729
1311867190.899432 0.2976009 -0.0802108 -0.0845627 -0.0278813 -0.0606424 -0.0467446 0.9966745
1311867191.163395 0.3274532 -0.0880484 -0.0750205 -0.0301661 -0.0625824 -0.0505575 0.9963019
1311867191.463414 0.3542883 -0.0906961 -0.0645797 -0.0334561 -0.0618784 -0.0527062 0.9961295
1311867191.731487 0.3721822 -0.0934181 -0.0559967 -0.0386194 -0.0649106 -0.0531311 0.9957270
1311867192.499590 0.4160185 -0.1017069 -0.0295293 -0.0415123 -0.0638257 -0.0525860 0.9957097
1311867193.099627 0.4440899 -0.1076119 -0.0200788 -0.0447675 -0.0614315 -0.0547317 0.9956036
1311867193.699539 0.4760162 -0.1100341 -0.0134256 -0.0469145 -0.0602389 -0.0537337 0.9956320
1311867194.299716 0.5045934 -0.1116994 -0.0103770 -0.0475708 -0.0549474 -0.0548443 0.9958463
1311867196.567767 0.4209610 -0.1067667 -0.0163868 -0.0515284 -0.0567598 -0.0557036 0.9955000
1311867197.332018 0.3603762 -0.1030184 -0.0217538 -0.0546027 -0.0561979 -0.0595059 0.9951479
1311867198.067816 0.3050520 -0.0970238 -0.0465720 -0.0550380 -0.0510235 -0.0662142 0.9949790
1311867199.132002 0.2269786 -0.0719181 -0.0858966 -0.0472553 -0.0415007 -0.0537931 0.9965696
1311867205.668640 -0.0251566 -0.1813578 -0.1323141 0.0002457 -0.0582316 -0.0575031 0.9966456
1311867206.136422 -0.0338885 -0.2100386 -0.1298913 -0.0020282 -0.0555727 -0.0575545 0.9967924
1311867206.436540 -0.0372986 -0.2290087 -0.1307631 -0.0079944 -0.0592000 -0.0567755 0.9965982
1311867206.736376 -0.0427887 -0.2574238 -0.1345515 -0.0094238 -0.0624267 -0.0542979 0.9965269
1311867207.068407 -0.0435269 -0.2841381 -0.1412773 -0.0057342 -0.0669818 -0.0555394 0.9961907
1311867207.400698 -0.0453221 -0.3032741 -0.1412620 -0.0098799 -0.0688459 -0.0558108 0.9960160
1311867207.668773 -0.0471660 -0.3338558 -0.1451909 -0.0113372 -0.0686925 -0.0627653 0.9955970
1311867208.136633 -0.0505753 -0.3590869 -0.1450417 -0.0077403 -0.0741353 -0.0655126 0.9950639
1311867208.500564 -0.0495142 -0.3727934 -0.1458684 -0.0040136 -0.0755341 -0.0656696 0.9949704
1311867209.100837 -0.0609267 -0.3942973 -0.1422787 -0.0017017 -0.0768864 -0.0690911 0.9946417
1311867209.636594 -0.0679992 -0.4191471 -0.1501144 -0.0003747 -0.0837300 -0.0654679 0.9943355
1311867212.800808 -0.0622459 -0.3900947 -0.1755623 0.0192541 -0.0743322 -0.0636464 0.9950141
1311867213.801664 -0.0447141 -0.3421368 -0.1820159 0.0260937 -0.0703679 -0.0585842 0.9954574
1311867214.305762 -0.0330786 -0.3160796 -0.1835029 0.0281142 -0.0626907 -0.0597708 0.9958448
1311867214.704890 -0.0300790 -0.2985727 -0.1836016 0.0301782 -0.0605835 -0.0601393 0.9958927
1311867215.105004 -0.0333624 -0.2637821 -0.1794413 0.0334170 -0.0593205 -0.0610829 0.9958078
1311867215.437035 -0.0244195 -0.2405552 -0.1789147 0.0307657 -0.0597258 -0.0642384 0.9956706
1311867215.937088 -0.0171765 -0.2106464 -0.1808834 0.0326606 -0.0576169 -0.0649516 0.9956881
1311867216.270663 -0.0125084 -0.1858498 -0.1762920 0.0296291 -0.0568826 -0.0649047 0.9958283
1311867216.605032 -0.0052995 -0.1720301 -0.1745905 0.0225517 -0.0584123 -0.0627716 0.9960619
1311867217.069129 -0.0007497 -0.1579567 -0.1741007 0.0229241 -0.0543037 -0.0658190 0.9960891
1311867217.469419 0.0018647 -0.1396155 -0.1733425 0.0207544 -0.0556328 -0.0680137 0.9959158
1311867218.137118 0.0033186 -0.1059964 -0.1745906 0.0132659 -0.0595551 -0.0634029 0.9961211
1311867218.472952 0.0021603 -0.0986181 -0.1751394 0.0143264 -0.0552800 -0.0732094 0.9956803
1311867218.837996 -0.0023824 -0.0802324 -0.1761697 0.0072650 -0.0549514 -0.0752727 0.9956212
1311867223.375432 0.0082987 0.1048197 -0.1683770 -0.0488484 -0.0604195 -0.0596270 0.9951924
1311867224.477686 -0.0004355 0.1631797 -0.1871724 -0.0453085 -0.0430818 -0.0590196 0.9962971
1311867225.279255 -0.0021080 0.2026899 -0.1879113 -0.0393835 -0.0374573 -0.0561281 0.9969431
1311867226.237839 -0.0127449 0.2427486 -0.2049702 -0.0145805 -0.0504050 -0.0576052 0.9969596
1311867226.873821 -0.0254945 0.2702868 -0.2175330 -0.0204490 -0.0509094 -0.0541323 0.9970255
1311867227.937974 -0.0221730 0.3020240 -0.2124677 -0.0278593 -0.0473325 -0.0569288 0.9968664
1311867230.138081 -0.0260891 0.2352937 -0.2376942 0.0041046 -0.0557317 -0.0506007 0.9971543
1311867230.705904 -0.0221752 0.2095740 -0.2455218 0.0100024 -0.0596055 -0.0462167 0.9971014
1311867231.905983 -0.0307359 0.1861955 -0.2559301 0.0159826 -0.0615423 -0.0408577 0.9971398
1311867232.606133 -0.0314094 0.1721436 -0.2659605 0.0230795 -0.0666613 -0.0411257 0.9966606
1311867233.042232 -0.0314628 0.1588678 -0.2679813 0.0306946 -0.0706289 -0.0420559 0.9961429
1311867233.874229 -0.0356574 0.1022883 -0.2745166 0.0310245 -0.0735734 -0.0453641 0.9957743
1311867234.574192 -0.0502126 0.0670288 -0.2762122 0.0333299 -0.0762297 -0.0519909 0.9951760
1311867237.542505 -0.0810743 0.0523891 -0.1676513 0.0190455 -0.0660393 -0.0521025 0.9962738
1311867238.474426 -0.0765185 0.0438133 -0.1013297 0.0104040 -0.0607322 -0.0541052 0.9966323
1311867239.074592 -0.0779945 0.0326387 -0.0420572 0.0049534 -0.0653527 -0.0528217 0.9964509
1311867240.874843 -0.0621944 -0.0042228 0.1121432 -0.0099917 -0.0798964 -0.0589646 0.9950075
1311867241.275069 -0.0764934 -0.0014622 0.1437700 -0.0148114 -0.0730623 -0.0602278 0.9953970
1311867241.974655 -0.1024951 0.0034590 0.1800375 -0.0184649 -0.0735048 -0.0633377 0.9951103
1311867242.374628 -0.1194774 0.0110651 0.2121133 -0.0227169 -0.0693591 -0.0603001 0.9955085
1311867242.774742 -0.1313213 -0.0006907 0.2376456 -0.0219216 -0.0551205 -0.0628208 0.9962603
1311867243.543026 -0.1497739 -0.0071994 0.3070854 -0.0340555 -0.0459698 -0.0527451 0.9969679
1311867243.942765 -0.1489202 -0.0135258 0.3356155 -0.0404082 -0.0395815 -0.0501186 0.9971402
1311867244.410917 -0.1415493 -0.0175891 0.3794765 -0.0459949 -0.0426415 -0.0509149 0.9967316
1311867244.810910 -0.1306929 -0.0137326 0.4273907 -0.0497190 -0.0386550 -0.0471162 0.9969022
1311867245.275567 -0.1331960 -0.0107073 0.4769637 -0.0552821 -0.0315959 -0.0457203 0.9969229
1311867245.775252 -0.1505412 -0.0131022 0.5344334 -0.0615393 -0.0286886 -0.0496201 0.9964576
1311867246.143089 -0.1681134 -0.0102193 0.5717728 -0.0673844 -0.0278345 -0.0570488 0.9957058
1311867246.475133 -0.1746782 0.0020063 0.6065462 -0.0773576 -0.0238094 -0.0600581 0.9949080
1311867247.811163 -0.1703539 -0.0268007 0.5773792 -0.0627322 -0.0244903 -0.0618891 0.9958085
1311867248.443137 -0.1560335 -0.0307814 0.5003492 -0.0549354 -0.0245939 -0.0619134 0.9962650
1311867248.875531 -0.1434899 -0.0248707 0.4419800 -0.0549342 -0.0279378 -0.0587834 0.9963666
1311867249.277340 -0.1189499 -0.0241818 0.3809646 -0.0501919 -0.0222477 -0.0598553 0.9966961
1311867249.675103 -0.0995115 -0.0230208 0.3281584 -0.0474774 -0.0248330 -0.0600542 0.9967561
1311867250.143222 -0.0898952 -0.0091810 0.2638021 -0.0456157 -0.0278008 -0.0595409 0.9967955
1311867250.579349 -0.0772187 0.0024595 0.2102671 -0.0429834 -0.0276226 -0.0587282 0.9969656
1311867251.011246 -0.0721663 0.0023589 0.1683889 -0.0369951 -0.0279146 -0.0581136 0.9972337
1311867251.579534 -0.0747479 -0.0044637 0.1222895 -0.0357680 -0.0294994 -0.0584616 0.9972125
1311867252.079454 -0.0672329 -0.0017227 0.0799368 -0.0373868 -0.0348445 -0.0587958 0.9969609
1311867252.445597 -0.0618751 -0.0128163 0.0540692 -0.0314104 -0.0431886 -0.0581157 0.9968805
1311867252.843319 -0.0581448 -0.0198725 0.0148940 -0.0257756 -0.0530439 -0.0555938 0.9967102
1311867254.579487 -0.0464694 -0.0449092 -0.1453068 -0.0164324 -0.0667168 -0.0592415 0.9958761
1311867255.216913 -0.0405249 -0.0259699 -0.2073234 -0.0025354 -0.0647166 -0.0594300 0.9961292
1311867255.780996 -0.0157674 -0.0297850 -0.2593242 0.0019327 -0.0599917 -0.0583086 0.9964926
1311867256.245462 -0.0151003 -0.0476305 -0.2968894 -0.0045770 -0.0714946 -0.0626603 0.9954603
1311867256.547861 -0.0177051 -0.0799802 -0.3026551 -0.0047745 -0.0857574 -0.0618307 0.9943842
1311867256.883890 -0.0138985 -0.0845345 -0.3255927 -0.0021218 -0.0908945 -0.0513250 0.9945348
1311867256.946531 -0.0124696 -0.0821662 -0.3296475 0.0008574 -0.0910396 -0.0529176 0.9944400
1311867257.345279 -0.0071271 -0.0831655 -0.3573573 0.0011221 -0.0818503 -0.0604217 0.9948108
1311867257.416062 -0.0031345 -0.0812538 -0.3622371 0.0024788 -0.0784941 -0.0600094 0.9951037
1311867258.243624 0.0061268 -0.0825740 -0.3971462 0.0046701 -0.0584925 -0.0494435 0.9970517
1311867258.743665 0.0162785 -0.0908273 -0.4072173 0.0091714 -0.0679813 -0.0514816 0.9963152
1311867259.143877 0.0259467 -0.0979784 -0.4241659 0.0090353 -0.0693548 -0.0617791 0.9956363
1311867259.481615 0.0355750 -0.0964669 -0.4460952 0.0239105 -0.0712615 -0.0529825 0.9957625
1311867260.049315 0.0472740 -0.0960294 -0.4830343 0.0214645 -0.0681239 -0.0535279 0.9960086
1311867260.412000 0.0560629 -0.0881600 -0.5025936 0.0249443 -0.0597049 -0.0504439 0.9966286
1311867260.979950 0.0668615 -0.0981233 -0.5348045 0.0238985 -0.0590314 -0.0513455 0.9966483
1311867261.512250 0.0614199 -0.1079907 -0.5601339 0.0411752 -0.0584864 -0.0524770 0.9960573
1311867262.147860 0.0623581 -0.0970144 -0.5910490 0.0351648 -0.0520829 -0.0485585 0.9968415
1311867262.712055 0.0618114 -0.0818909 -0.6295123 0.0450220 -0.0449900 -0.0426445 0.9970609
1311867263.679956 0.0780845 -0.0847680 -0.6755552 0.0677378 -0.0477700 -0.0556478 0.9950040
1311867264.480074 0.0914408 -0.0752801 -0.7078164 0.0700441 -0.0597887 -0.0632896 0.9937372
1311867266.548233 0.0868431 -0.0713119 -0.7553903 0.1012468 -0.0628902 -0.0501436 0.9916045
1311867269.416552 0.0560635 -0.0874424 -0.6792424 0.0562986 -0.0389044 -0.0550167 0.9961376
1311867270.180528 0.0460044 -0.0884439 -0.6482790 0.0312803 -0.0306260 -0.0570624 0.9974104
1311867270.848467 0.0420694 -0.0963215 -0.6167805 0.0195483 -0.0292435 -0.0582087 0.9976845
1311867271.480623 0.0513090 -0.1140010 -0.5930708 0.0155924 -0.0356920 -0.0561275 0.9976636
1311867272.116570 0.0439991 -0.1262729 -0.5437436 0.0077037 -0.0459936 -0.0576072 0.9972495
1311867272.780656 0.0520003 -0.1460436 -0.5033066 0.0048984 -0.0557773 -0.0663584 0.9962236
1311867273.480769 0.0713873 -0.1446008 -0.4794292 0.0040603 -0.0667868 -0.0645714 0.9956674
1311867273.716707 0.0728389 -0.1439432 -0.4596278 -0.0024097 -0.0558807 -0.0563402 0.9968437
1311867274.416837 0.0507999 -0.1527371 -0.4028868 -0.0107444 -0.0543888 -0.0655974 0.9963049
1311867274.716711 0.0447326 -0.1601660 -0.3814835 0.0002618 -0.0520750 -0.0609433 0.9967818
1311867275.016675 0.0398631 -0.1629258 -0.3563594 0.0076453 -0.0503578 -0.0604611 0.9968702
1311867275.516817 0.0253181 -0.1678677 -0.3157688 -0.0009594 -0.0458285 -0.0629556 0.9969631
1311867275.880760 0.0085173 -0.1761665 -0.2864644 -0.0062113 -0.0456859 -0.0621549 0.9970010
1311867276.248954 -0.0011092 -0.1745405 -0.2616664 -0.0110009 -0.0431978 -0.0595463 0.9972298
1311867276.616955 -0.0108147 -0.1780229 -0.2439264 -0.0179974 -0.0319484 -0.0518856 0.9979796
1311867276.816885 -0.0157651 -0.1789525 -0.2345340 -0.0200929 -0.0323067 -0.0508850 0.9979796
1311867277.180831 -0.0252594 -0.1773886 -0.2126763 -0.0270586 -0.0345697 -0.0546058 0.9975425
1311867277.517078 -0.0348711 -0.1786237 -0.1870881 -0.0285390 -0.0336864 -0.0523346 0.9976532
1311867278.916959 -0.0302531 -0.1723342 -0.0657824 0.0138363 -0.0490416 -0.0477372 0.9975593
1311867279.317001 -0.0343161 -0.1725825 -0.0285536 0.0034974 -0.0511628 -0.0520223 0.9973283
1311867279.617658 -0.0350556 -0.1644250 -0.0033601 -0.0027722 -0.0535078 -0.0570643 0.9969317
1311867279.849225 -0.0366011 -0.1625347 0.0165537 -0.0094240 -0.0530073 -0.0544161 0.9970659
1311867280.249139 -0.0341592 -0.1549457 0.0572653 -0.0217957 -0.0430114 -0.0493809 0.9976155
1311867280.285235 -0.0411474 -0.1561113 0.0606989 -0.0263455 -0.0409256 -0.0491631 0.9976041
1311867280.349364 -0.0328443 -0.1517853 0.0685740 -0.0275162 -0.0406874 -0.0501882 0.9975312
1311867280.685076 -0.0293911 -0.1538898 0.0957022 -0.0458801 -0.0344359 -0.0492218 0.9971392
1311867280.849336 -0.0315855 -0.1512840 0.1095910 -0.0491023 -0.0305566 -0.0539752 0.9968660
1311867280.949429 -0.0313970 -0.1486673 0.1219585 -0.0521340 -0.0296848 -0.0550399 0.9966802
1311867281.849170 -0.0301141 -0.1483621 0.1871983 -0.0722871 -0.0313625 -0.0520015 0.9955335
1311867281.949198 -0.0287735 -0.1479748 0.1937789 -0.0737924 -0.0326475 -0.0479273 0.9955862
1311867284.617494 -0.0296944 -0.1411991 0.2913655 -0.0810132 -0.0343542 -0.0480447 0.9949615
1311867284.685378 -0.0275367 -0.1420722 0.2930531 -0.0830470 -0.0356070 -0.0463295 0.9948311
1311867284.749751 -0.0288689 -0.1381511 0.2930859 -0.0808132 -0.0350842 -0.0473191 0.9949871
1311867290.620155 -0.0416543 -0.1448365 0.2968740 -0.0742259 -0.0452783 -0.0598924 0.9944111
1311867291.154182 -0.0368241 -0.1437762 0.2889850 -0.0701074 -0.0456098 -0.0596533 0.9947091
1311867291.254380 -0.0350474 -0.1424908 0.2897361 -0.0698214 -0.0462862 -0.0587059 0.9947543
1311867291.753718 -0.0333345 -0.1505539 0.2782212 -0.0682935 -0.0513329 -0.0594125 0.9945708
1311867292.395350 -0.0336868 -0.1501105 0.2807603 -0.0683105 -0.0470582 -0.0587702 0.9948192
1311867292.425930 -0.0349077 -0.1505049 0.2825026 -0.0683625 -0.0474952 -0.0588124 0.9947924
1311867292.488351 -0.0335249 -0.1500435 0.2844991 -0.0675521 -0.0481827 -0.0587829 0.9948164
1311867292.623076 -0.0343993 -0.1494737 0.2827221 -0.0677970 -0.0487202 -0.0591267 0.9947532
