1305031452.791720 0.000000000 0.000000000 0.000000000 -0.000000000 -0.000000000 -0.000000000 1.000000000
1305031452.823674 0.002775662 -0.002367702 0.005252548 -0.001122013 0.010426060 0.017049801 0.999799669
1305031452.859642 0.004646639 0.003136606 0.005276278 0.003028517 0.019134380 0.033388540 0.999254704
1305031452.891726 -0.001415640 0.023066916 0.002321301 0.006077343 0.028187864 0.042722888 0.998670816
1305031452.923715 0.001074330 0.026584875 0.002576423 0.003161400 0.032118410 0.047661681 0.998342037
1305031452.959701 0.003720466 0.028003749 0.002545411 0.002684085 0.035203572 0.047985900 0.998223901
1305031452.991647 0.016296925 0.029890124 0.000395169 0.004957433 0.038276128 0.046921439 0.998152673
1305031453.023650 0.023389922 0.047788497 0.001032901 0.012473214 0.048044458 0.047445934 0.997639775
1305031453.059754 0.024828644 0.057287291 -0.003149081 0.014626476 0.062145736 0.049772825 0.996717930
1305031453.091704 0.026749399 0.061447322 -0.008002577 0.016306421 0.076100312 0.050838973 0.995669782
1305031453.123633 0.018406732 0.071906671 -0.013253452 0.019676400 0.093094133 0.052070528 0.994100094
1305031453.159673 0.023225747 0.083548300 -0.021924743 0.021965230 0.103830963 0.053236473 0.992926300
1305031453.191726 0.025260344 0.085149311 -0.029562874 0.021991352 0.116515830 0.052660953 0.991547942
1305031453.223689 0.015047460 0.090501472 -0.036391906 0.023797268 0.132423520 0.052908469 0.989494085
1305031453.259670 0.013488795 0.103949092 -0.045385342 0.024915416 0.143163025 0.057461858 0.987715423
1305031453.291696 0.021262225 0.100592658 -0.055151999 0.024180230 0.152527466 0.064232357 0.985913217
1305031453.323682 0.005487066 0.110625893 -0.059839025 0.031338166 0.169588819 0.071312450 0.982431710
1305031453.359684 -0.011412029 0.121962734 -0.069342725 0.033644669 0.184456453 0.079431772 0.979047775
1305031453.391690 -0.010700138 0.130743980 -0.076842308 0.035898056 0.189666554 0.091218710 0.976942778
1305031453.423683 -0.011727655 0.137202486 -0.085222393 0.039349671 0.194298252 0.100312792 0.975006282
1305031453.459685 -0.011106504 0.145122916 -0.099280737 0.044722013 0.199977189 0.108407937 0.972757399
1305031453.491698 -0.016323123 0.149528027 -0.112510882 0.049480587 0.207473382 0.117606431 0.969884157
1305031453.523684 -0.020816024 0.157233059 -0.133551538 0.057276770 0.211216465 0.126125455 0.967573941
1305031453.559753 -0.034362357 0.163902357 -0.145259008 0.065629996 0.216525272 0.130922645 0.965229928
1305031453.591640 -0.041315749 0.175446644 -0.161638558 0.074444637 0.219057158 0.133681267 0.963639617
1305031453.627706 -0.069117069 0.180067867 -0.169864386 0.081178479 0.225604370 0.135316312 0.961354375
1305031453.659600 -0.092595026 0.192053318 -0.179962650 0.090201572 0.225649625 0.131659880 0.961047173
1305031453.691678 -0.099671178 0.205960691 -0.192565084 0.097928777 0.219348773 0.125302985 0.962598145
1305031453.727652 -0.124737933 0.217282325 -0.206075087 0.101748466 0.216886222 0.119322538 0.963519514
1305031453.759694 -0.144148454 0.231691852 -0.218487397 0.106857121 0.207993016 0.110259458 0.966003776
1305031453.791716 -0.150583148 0.243505746 -0.232724831 0.110831454 0.197350919 0.101299487 0.968765914
1305031453.827773 -0.175417602 0.251013935 -0.239275604 0.113055736 0.192198575 0.094287336 0.970251560
1305031453.859705 -0.225455433 0.260877490 -0.234395608 0.115600161 0.188726470 0.085038081 0.971487224
1305031453.891710 -0.247585475 0.271766573 -0.238102511 0.116320439 0.174325213 0.076999173 0.974757135
1305031453.927723 -0.263836056 0.277015001 -0.246531576 0.114182986 0.155012518 0.072951436 0.978576243
1305031453.959641 -0.267319024 0.277493149 -0.259126306 0.109710053 0.135003611 0.065115683 0.982597411
1305031453.991624 -0.280946732 0.275553167 -0.248710677 0.107190706 0.123441115 0.054489143 0.985039830
1305031454.027662 -0.300384462 0.274816722 -0.243717507 0.108328521 0.113150649 0.043541517 0.986694515
1305031454.059654 -0.323990405 0.282856911 -0.241018325 0.109150238 0.103786714 0.031710461 0.988083541
1305031454.091651 -0.337891936 0.276885271 -0.244671896 0.105582170 0.091908671 0.017369226 0.990001798
1305031454.127701 -0.360260099 0.279251367 -0.234256342 0.108197212 0.080901705 0.001895378 0.990830302
1305031454.159672 -0.377804130 0.285035282 -0.233756378 0.108159438 0.066490903 -0.011036800 0.991846144
1305031454.191658 -0.399348468 0.286806673 -0.228319168 0.104558818 0.052290350 -0.026109600 0.992799819
1305031454.227671 -0.410678536 0.269770414 -0.222921997 0.100574307 0.035342630 -0.043964125 0.993329167
1305031454.259627 -0.412925124 0.279914528 -0.219615877 0.106163636 0.020634292 -0.061558209 0.992226839
1305031454.291639 -0.426672459 0.287819564 -0.215817466 0.104025394 0.013684128 -0.074007444 0.991723001
1305031454.327699 -0.448753238 0.271886587 -0.219182253 0.098585621 0.005952967 -0.089955881 0.991036534
1305031454.359636 -0.457961977 0.280115008 -0.213095933 0.104575783 -0.004827674 -0.106353246 0.988802135
1305031454.391677 -0.462370366 0.287347555 -0.215486377 0.104803741 -0.014459091 -0.119527273 0.987177968
1305031454.427465 -0.483706027 0.289058954 -0.215944663 0.103513815 -0.024493696 -0.135021612 0.985116303
1305031454.459913 -0.479236215 0.294793338 -0.209342122 0.104914159 -0.037809130 -0.152395636 0.982007682
1305031454.491617 -0.490839869 0.300320506 -0.209667891 0.103718005 -0.041537113 -0.169119820 0.979242444
1305031454.527700 -0.494659841 0.314113200 -0.208882257 0.102763936 -0.048626341 -0.185068652 0.976127386
1305031454.559575 -0.506180763 0.321808428 -0.211221009 0.097451545 -0.053571247 -0.199022964 0.973664820
1305031454.591635 -0.519099176 0.331613809 -0.207572252 0.093054682 -0.063426979 -0.216659382 0.969730258
1305031454.627580 -0.517323613 0.340210974 -0.210600063 0.090261742 -0.078324065 -0.229679048 0.965901554
1305031454.659528 -0.520633817 0.356914282 -0.210562870 0.086037859 -0.090780608 -0.237111792 0.963397324
1305031454.691884 -0.520106435 0.363659441 -0.208383054 0.078764960 -0.106976569 -0.244129613 0.960600317
1305031454.727659 -0.511440158 0.371020168 -0.205692247 0.075529352 -0.122544825 -0.247478738 0.958140075
1305031454.759732 -0.501269341 0.379630029 -0.202022269 0.071724825 -0.130355597 -0.242297649 0.958725631
1305031454.791641 -0.495906413 0.390070170 -0.198310614 0.069381796 -0.134718537 -0.234733209 0.960175753
1305031454.827570 -0.485747099 0.404376149 -0.203004837 0.067164958 -0.137124583 -0.226049691 0.962074459
1305031454.859620 -0.480643988 0.413108349 -0.202143177 0.062412418 -0.135117427 -0.217805743 0.964576960
1305031454.891764 -0.477616668 0.424611688 -0.203149706 0.060046703 -0.130376175 -0.209152415 0.967290938
1305031454.927567 -0.479334772 0.434820205 -0.204861656 0.056727152 -0.124110520 -0.201464310 0.969943702
1305031454.959648 -0.483243763 0.447328418 -0.208696291 0.054321658 -0.117671438 -0.193998203 0.972402871
1305031454.991937 -0.492689252 0.455256164 -0.213946536 0.051436078 -0.112855315 -0.187494040 0.974404454
1305031455.027799 -0.496552110 0.470323294 -0.215001419 0.052244604 -0.112146981 -0.183995083 0.975109994
1305031455.059636 -0.508173347 0.484021783 -0.215650693 0.052480090 -0.107199937 -0.181701019 0.976083398
1305031455.091700 -0.517849743 0.495193154 -0.218990475 0.055021793 -0.102901995 -0.181638226 0.976417661
1305031455.127695 -0.529712260 0.508611679 -0.220063180 0.056352600 -0.097320482 -0.179355592 0.977335572
1305031455.159720 -0.549084544 0.521155119 -0.223714396 0.055758178 -0.090094320 -0.174725577 0.978899956
1305031455.191655 -0.563921452 0.528748333 -0.222954378 0.052604385 -0.085927710 -0.167983428 0.980627775
1305031455.227581 -0.578551531 0.533764362 -0.223283395 0.052123103 -0.082492568 -0.162092313 0.981939018
1305031455.259631 -0.590693116 0.558418095 -0.219980478 0.055373780 -0.077164225 -0.155397281 0.983275712
1305031455.291831 -0.609966934 0.560037673 -0.220393121 0.047035061 -0.070540540 -0.144522697 0.985862553
1305031455.327766 -0.629208803 0.568219244 -0.222136855 0.042433020 -0.066643983 -0.130775884 0.988258898
1305031455.359630 -0.638860345 0.581488967 -0.220296174 0.036839008 -0.066455975 -0.123161986 0.989473403
1305031455.391665 -0.656327724 0.578465521 -0.217081130 0.025616989 -0.059288338 -0.113795228 0.991402745
1305031455.427642 -0.677415013 0.581467211 -0.219462335 0.019564293 -0.050881926 -0.102564953 0.993231416
1305031455.459589 -0.698871434 0.579696059 -0.222043738 0.015176919 -0.046367552 -0.092836380 0.994485378
1305031455.491637 -0.721221387 0.585021794 -0.224734083 0.012880615 -0.041496005 -0.081135005 0.995755672
1305031455.527610 -0.749737620 0.581578374 -0.228404209 0.009827281 -0.035213202 -0.068036325 0.997012794
1305031455.559669 -0.776137590 0.581405878 -0.232489616 0.010032818 -0.034657374 -0.054348532 0.997869968
1305031455.591645 -0.801985323 0.586629868 -0.238747850 0.011072168 -0.034164928 -0.039252065 0.998583734
1305031455.627617 -0.823934972 0.576116979 -0.240723282 0.006162416 -0.032913163 -0.025826100 0.999105513
1305031455.659615 -0.851036727 0.569226682 -0.247919247 0.009026773 -0.028885622 -0.020803623 0.999325454
1305031455.691605 -0.875486135 0.570896506 -0.251044810 0.013614680 -0.025728822 -0.022169305 0.999330401
1305031455.727628 -0.897622943 0.564560056 -0.259504765 0.014161631 -0.021157969 -0.027592041 0.999294996
1305031455.759683 -0.919768155 0.561096847 -0.266704589 0.014822599 -0.014487666 -0.030651951 0.999315262
1305031455.791666 -0.945941091 0.546798587 -0.273278266 0.014603808 -0.007171819 -0.029544231 0.999431133
1305031455.827590 -0.973798275 0.546407342 -0.284680814 0.018783435 -0.001552848 -0.030177336 0.999366879
1305031455.859526 -0.994698167 0.538904250 -0.293224186 0.018071475 0.001412907 -0.031304322 0.999345541
1305031455.891657 -1.013901591 0.533397496 -0.301314235 0.018114002 0.005050740 -0.031868070 0.999315202
1305031455.927955 -1.032020092 0.524081349 -0.307795167 0.016441707 0.009419030 -0.032673430 0.999286473
1305031455.959716 -1.051007628 0.521430075 -0.318795979 0.016682480 0.013772841 -0.034745436 0.999162078
1305031455.991694 -1.065533996 0.518204272 -0.324594468 0.014264994 0.018563673 -0.036431305 0.999061942
1305031456.027770 -1.082078338 0.530268252 -0.328946829 0.012745405 0.025322383 -0.039931566 0.998800218
1305031456.059713 -1.102920294 0.511488736 -0.331493497 -0.001686125 0.032426566 -0.045506578 0.998436213
1305031456.091707 -1.120448232 0.495758355 -0.331172734 -0.010123042 0.038088612 -0.050136056 0.997964501
1305031456.127645 -1.135178089 0.482665896 -0.335937291 -0.013203986 0.042746890 -0.050266091 0.997733295
1305031456.159731 -1.145850182 0.463482320 -0.336300284 -0.017569402 0.048368707 -0.050476242 0.997398555
1305031456.191658 -1.155691147 0.446538925 -0.335107088 -0.014898063 0.056019656 -0.048111450 0.997158587
1305031456.227678 -1.168217897 0.460647255 -0.336852849 -0.006419823 0.066336744 -0.045236997 0.996750653
1305031456.259614 -1.179726243 0.444326639 -0.332817852 -0.010364176 0.077860117 -0.042316590 0.996011913
1305031456.291675 -1.195405841 0.429752052 -0.327724129 -0.009121592 0.090461664 -0.037361879 0.995157123
1305031456.327718 -1.205858946 0.420061052 -0.320818931 -0.004587288 0.101276152 -0.030953262 0.994366109
1305031456.359846 -1.219048858 0.430401415 -0.315507472 0.003496211 0.114104822 -0.026335364 0.993113458
1305031456.391619 -1.229233146 0.408158600 -0.303331286 -0.000119944 0.127278388 -0.022377199 0.991614580
1305031456.427662 -1.253209710 0.409039587 -0.290732652 0.008735131 0.141401038 -0.015929170 0.989785731
1305031456.459610 -1.280972958 0.424575627 -0.274256498 0.013914702 0.151500970 -0.008671573 0.988321126
1305031456.491677 -1.298123598 0.421631277 -0.257062882 0.008300387 0.153375432 -0.002231516 0.988130629
1305031456.527641 -1.309648395 0.417397738 -0.241077900 0.002968224 0.151739091 0.004247979 0.988407016
1305031456.559608 -1.308375835 0.400275260 -0.223180249 -0.001917953 0.149314135 0.010824946 0.988728702
1305031456.591651 -1.319597363 0.419082701 -0.210190326 0.004369192 0.153825134 0.017372729 0.987935722
1305031456.627612 -1.337691307 0.435590982 -0.193526372 -0.003549846 0.161205739 0.023282506 0.986639798
1305031456.659665 -1.350242376 0.395870686 -0.166508630 -0.024001319 0.168727577 0.032922171 0.984820366
1305031456.691612 -1.363928795 0.398463666 -0.151082754 -0.018831462 0.173059776 0.042717095 0.983804405
1305031456.727693 -1.381015062 0.411077589 -0.133142754 -0.019360075 0.175784543 0.054354936 0.982736290
1305031456.759615 -1.398167968 0.384726286 -0.114723079 -0.029698277 0.173580453 0.062831536 0.982364535
1305031456.791649 -1.406901479 0.387611032 -0.095804438 -0.022043573 0.165733069 0.069599874 0.983464599
1305031456.827603 -1.405026317 0.415232241 -0.076876715 -0.014938308 0.159690961 0.075534217 0.984159708
1305031456.859634 -1.413247943 0.406739920 -0.058259673 -0.023014331 0.160081342 0.084164955 0.983239830
1305031456.891672 -1.417437434 0.399485320 -0.040740311 -0.025462670 0.162160873 0.088982999 0.982414126
1305031456.927690 -1.426763535 0.405246288 -0.025801234 -0.018561421 0.167796776 0.094196029 0.981135488
1305031456.959667 -1.444596410 0.424721211 -0.012208153 -0.014695435 0.175872058 0.100150168 0.979195058
1305031456.991709 -1.455349326 0.411384553 0.003331594 -0.026527284 0.179563329 0.104378469 0.977833569
1305031457.027648 -1.469421268 0.410804451 0.017107777 -0.027219571 0.184890658 0.107456021 0.976487517
1305031457.059621 -1.484984398 0.421612740 0.022194594 -0.027455147 0.190109611 0.114581145 0.974666953
1305031457.091655 -1.496467829 0.410939336 0.031079084 -0.038543329 0.194715634 0.120496638 0.972666919
1305031457.127632 -1.504246950 0.394700795 0.035349153 -0.044657037 0.199035943 0.125512004 0.970895052
1305031457.159693 -1.520383716 0.391432047 0.037050903 -0.042312231 0.206249684 0.132396385 0.968577266
1305031457.191735 -1.542417169 0.396903634 0.040374778 -0.038612228 0.215644389 0.137980148 0.965902746
1305031457.227543 -1.558369279 0.388673782 0.041803993 -0.042705175 0.221639276 0.144915909 0.963354468
1305031457.259691 -1.570294023 0.364710242 0.038981505 -0.045221526 0.227569982 0.152301371 0.960713983
1305031457.291656 -1.592011809 0.364465117 0.035241760 -0.035386682 0.236943230 0.157226518 0.958063483
1305031457.327548 -1.612735271 0.368880481 0.030592024 -0.030483687 0.246503681 0.161127537 0.955167353
1305031457.359712 -1.633113980 0.358681619 0.032125115 -0.031505566 0.259486407 0.165560633 0.950927913
1305031457.391684 -1.655597210 0.348896682 0.031413198 -0.025658339 0.272283733 0.172929868 0.946202159
1305031457.427641 -1.687031388 0.345702559 0.031615376 -0.020697203 0.282720745 0.178264603 0.942264497
1305031457.459614 -1.705898285 0.333262652 0.026793316 -0.020614274 0.285142243 0.185075223 0.940221310
1305031457.491705 -1.725393534 0.319593400 0.023951814 -0.019920904 0.287931949 0.187812328 0.938842297
1305031457.527638 -1.743629813 0.309944749 0.018333644 -0.015795389 0.291623622 0.189197049 0.937502384
1305031457.559685 -1.766631603 0.301076353 0.014441699 -0.011530254 0.297574133 0.192255631 0.935069263
1305031457.591678 -1.789108157 0.297295630 0.011951387 -0.007127108 0.302281350 0.195676357 0.932891190
1305031457.627526 -1.804527998 0.278309047 0.010347217 -0.008606941 0.304060608 0.199329242 0.931526184
1305031457.659632 -1.830120087 0.282783061 0.010105044 -0.001789416 0.307877123 0.201085672 0.929931760
1305031457.691570 -1.848001361 0.270697057 0.010658324 -0.006641520 0.307913423 0.205786064 0.928868890
1305031457.727669 -1.857573986 0.247983292 0.008583158 -0.010864940 0.308297724 0.205805674 0.928697228
1305031457.759556 -1.870983601 0.231676251 0.004348785 -0.009759259 0.310332209 0.203785688 0.928477347
1305031457.791567 -1.882297993 0.196879759 0.004954308 -0.008111990 0.315749675 0.201552555 0.927153111
1305031457.827699 -1.905441642 0.202138886 0.004330933 0.004762817 0.324951619 0.199447021 0.924448311
1305031457.859623 -1.923190594 0.186897978 0.003668666 0.005575854 0.333904743 0.198905960 0.921364725
1305031457.891593 -1.939311147 0.146975040 0.009593368 0.006451760 0.343576640 0.199173689 0.917738140
1305031457.927633 -1.966486096 0.145336390 0.015880853 0.023285735 0.350405276 0.200061738 0.914685309
1305031457.959632 -1.984257579 0.141850591 0.020125866 0.031685133 0.352277905 0.201917574 0.913304806
1305031457.991644 -1.991566181 0.122438312 0.023706943 0.035560589 0.352902859 0.202436551 0.912805855
1305031458.027845 -2.004766941 0.100181162 0.035552979 0.041940693 0.359220296 0.200952992 0.910395384
1305031458.059689 -2.021901608 0.109584093 0.041988283 0.053996213 0.363727719 0.201419115 0.907863915
1305031458.091690 -2.036065817 0.109093428 0.058805704 0.055621725 0.368809134 0.202836230 0.905396938
1305031458.127605 -2.047275543 0.087296218 0.077363342 0.051598568 0.374114692 0.204306647 0.903124928
1305031458.159638 -2.062747717 0.070373714 0.103031397 0.052809585 0.379147440 0.206064463 0.900553107
1305031458.191646 -2.078713894 0.067730665 0.127137095 0.055066600 0.380353749 0.209861591 0.899031043
1305031458.227611 -2.088348866 0.057492793 0.149829358 0.048489399 0.377817750 0.212341368 0.899896502
1305031458.259934 -2.086393595 0.008870512 0.171490103 0.039058696 0.376630068 0.213080794 0.900678039
1305031458.291664 -2.106095314 0.003289759 0.207652628 0.049823567 0.377538085 0.209828511 0.900530279
1305031458.327628 -2.114701033 -0.004750699 0.223899797 0.052765235 0.372507691 0.211036846 0.902173698
1305031458.359590 -2.115662336 -0.036824912 0.248309210 0.056466050 0.370466113 0.210567161 0.902899802
1305031458.391626 -2.123170853 -0.034602255 0.266586185 0.071762718 0.368773818 0.211341336 0.902325273
1305031458.427598 -2.121943474 -0.036799699 0.286398560 0.081961453 0.369028628 0.217268229 0.899941564
1305031458.459637 -2.102298021 -0.050508559 0.297974408 0.093180127 0.370694607 0.222929552 0.896775007
1305031458.491696 -2.092309237 -0.061552405 0.314329624 0.111173749 0.381202072 0.219032839 0.891263187
1305031458.527737 -2.105207205 -0.039047569 0.353884637 0.132871911 0.396491081 0.209926128 0.883782208
1305031458.559628 -2.102825165 -0.027331412 0.384478867 0.141503543 0.406906456 0.205094799 0.878828824
1305031458.591641 -2.110282183 -0.030323356 0.428594649 0.149460077 0.418285698 0.195938259 0.874246538
1305031458.627659 -2.117479324 0.003047258 0.463510305 0.155515507 0.419750810 0.188030362 0.874224663
1305031458.659623 -2.121505260 -0.003053278 0.503009021 0.150060892 0.419325441 0.190921366 0.874755442
1305031458.691674 -2.118391514 0.002381533 0.532018781 0.145806387 0.406462640 0.185183540 0.882743359
1305031458.727650 -2.094687462 -0.006462008 0.541781604 0.140962586 0.390514731 0.175783858 0.892596126
1305031458.759945 -2.094521523 -0.002966583 0.565004528 0.146529227 0.378521979 0.163122937 0.899244785
1305031458.791632 -2.073317289 0.024521768 0.584713459 0.149918139 0.361093163 0.152761668 0.907634437
1305031458.827564 -2.055974245 0.024317235 0.592510343 0.143493295 0.350185066 0.152042031 0.913051665
1305031458.859887 -2.046536922 0.001948744 0.589325309 0.139981195 0.344197601 0.150787234 0.916076720
1305031458.891665 -2.042931557 0.012062252 0.602166474 0.145641968 0.346824229 0.140723795 0.915804684
1305031458.927621 -2.047926903 0.019788653 0.620571792 0.147034556 0.353613913 0.145731151 0.912195444
1305031458.959617 -2.051806927 0.002692610 0.639393449 0.139768377 0.360827535 0.160270870 0.908064783
1305031458.991647 -2.059306145 -0.042761683 0.647833943 0.134979293 0.366678208 0.166750923 0.905274451
1305031459.027665 -2.075702667 -0.052549750 0.681241989 0.146573037 0.369054258 0.162660450 0.903247952
1305031459.059631 -2.091916800 -0.073354989 0.709803343 0.156439945 0.365214527 0.168639988 0.902056217
1305031459.091650 -2.105934858 -0.096710145 0.741465211 0.170312881 0.354314178 0.173502401 0.902968407
1305031459.127618 -2.138624191 -0.122780949 0.751601458 0.182429105 0.335447401 0.176330864 0.907249749
1305031459.159639 -2.153688669 -0.137058079 0.759514511 0.191849291 0.312777281 0.176197797 0.913410485
1305031459.191674 -2.158170223 -0.140535802 0.772097766 0.201473027 0.292472005 0.181944445 0.916932344
1305031459.227607 -2.164076090 -0.136460990 0.790014267 0.208031967 0.280411839 0.187945023 0.918024361
1305031459.259760 -2.136232615 -0.113195032 0.820639253 0.216303498 0.272454679 0.194494441 0.917144060
1305031459.291690 -2.138647079 -0.116162807 0.814970672 0.213969082 0.278629124 0.211087048 0.912154198
1305031459.327632 -2.138182402 -0.114940643 0.830151975 0.213788271 0.294827998 0.226065874 0.903474033
1305031459.359651 -2.144164801 -0.113126099 0.849086404 0.221012041 0.317045689 0.247040138 0.888598263
1305031459.391667 -2.171090364 -0.088601708 0.882793427 0.226292387 0.343386382 0.266825348 0.871597230
1305031459.427646 -2.157585382 -0.074811578 0.897075534 0.220897511 0.365224004 0.301843405 0.852470696
1305031459.459679 -2.189767838 -0.089639127 0.914866686 0.222130582 0.401535243 0.344496697 0.818992972
1305031459.491555 -2.234665871 -0.083993673 0.963048697 0.227455139 0.429466248 0.371901125 0.790893495
1305031459.527594 -2.222237110 -0.077011824 0.971552074 0.220185012 0.435575783 0.404354751 0.773491859
1305031459.559647 -2.230635643 -0.086085916 0.992686391 0.219284952 0.446756393 0.427762479 0.754547715
1305031459.591695 -2.263583660 -0.109660625 1.016636372 0.215799421 0.459053576 0.443417847 0.738972962
1305031459.627608 -2.270258665 -0.114249229 1.028306842 0.215047508 0.458974808 0.452410102 0.733772397
1305031459.659641 -2.274675369 -0.112365246 1.042312503 0.216500178 0.463372409 0.454179525 0.729475617
1305031459.691604 -2.288804293 -0.124839902 1.060943127 0.209671333 0.473865151 0.459004313 0.721668065
1305031459.727551 -2.294108391 -0.149156332 1.071955442 0.201867059 0.481050581 0.464159131 0.715818703
1305031459.759635 -2.300037861 -0.170535445 1.087975860 0.200289339 0.488603741 0.460782319 0.713323414
1305031459.791650 -2.308596849 -0.187260866 1.107205153 0.200445369 0.493733615 0.457219511 0.712038696
1305031459.827664 -2.330783129 -0.224933863 1.101926565 0.195020273 0.492098540 0.461282730 0.712056458
1305031459.859660 -2.339075565 -0.247660518 1.121315241 0.190329477 0.492567837 0.461287171 0.712997735
1305031459.891596 -2.336928368 -0.266942024 1.135996222 0.187088430 0.488621980 0.464881599 0.714235008
1305031459.927607 -2.342287064 -0.291883111 1.139560699 0.185995176 0.484681904 0.469293565 0.714319825
1305031459.959650 -2.343189240 -0.308750629 1.154276967 0.186332375 0.483111024 0.472051293 0.713478565
1305031459.991725 -2.340684891 -0.326526999 1.166923285 0.184604377 0.481298208 0.477295727 0.711661518
1305031460.027565 -2.341696739 -0.356591463 1.170033693 0.181388393 0.480923057 0.482225835 0.709414899
1305031460.059659 -2.340479612 -0.377531171 1.183504820 0.182078436 0.482368052 0.483391255 0.707461238
1305031460.091717 -2.340566397 -0.401389241 1.197232485 0.185859054 0.479313523 0.488276303 0.705195904
1305031460.127690 -2.341830730 -0.435157180 1.199794292 0.192202732 0.470227212 0.497229844 0.703354061
1305031460.159678 -2.338016987 -0.452884316 1.213421822 0.201318353 0.464466006 0.502459705 0.700911283
1305031460.191559 -2.328950405 -0.463391066 1.225303531 0.204806224 0.457023054 0.508732617 0.700268209
1305031460.227761 -2.317510128 -0.471742153 1.214230299 0.205530688 0.451310903 0.513376355 0.700371563
1305031460.259667 -2.310081959 -0.480692863 1.216732621 0.206051856 0.457515568 0.512199640 0.697046459
1305031460.291689 -2.302560806 -0.495762110 1.222395182 0.203825757 0.465951711 0.512254357 0.692054570
1305031460.327512 -2.300353289 -0.512370110 1.228749394 0.203486472 0.474768311 0.512607038 0.685873389
1305031460.359630 -2.294028759 -0.519536614 1.234305143 0.201966241 0.481524378 0.514197886 0.680400193
1305031460.391611 -2.282836914 -0.532374620 1.237041712 0.196991920 0.488815904 0.519044638 0.672938287
1305031460.427477 -2.279255390 -0.550526023 1.244425058 0.194729894 0.498954177 0.523353338 0.662741482
1305031460.459620 -2.274732590 -0.548723459 1.243809462 0.193409801 0.506794572 0.526373565 0.654738843
1305031460.491504 -2.272838116 -0.559365988 1.258862972 0.188451782 0.518975973 0.532687485 0.641400039
1305031460.527570 -2.262519598 -0.582470417 1.263786077 0.179626763 0.526827872 0.543891072 0.627988160
1305031460.559647 -2.249960423 -0.601610780 1.265001059 0.170688376 0.533573985 0.550315320 0.619126260
1305031460.591855 -2.245986938 -0.611863256 1.273583174 0.166656911 0.541732609 0.551179707 0.612333357
1305031460.627625 -2.239313364 -0.632840633 1.273710966 0.160800517 0.547930241 0.554796457 0.605075657
1305031460.659764 -2.234058619 -0.648653984 1.285625935 0.157182664 0.556458652 0.554024637 0.598919213
1305031460.691671 -2.226910591 -0.660372138 1.302680969 0.154292122 0.561800659 0.554443479 0.594278038
1305031460.727675 -2.219700813 -0.666741133 1.305439472 0.150117919 0.561683834 0.555909097 0.594088435
1305031460.759667 -2.210262775 -0.694076419 1.309827089 0.142434075 0.566770852 0.556996942 0.590116739
1305031460.791660 -2.202222347 -0.708383679 1.323468685 0.138555661 0.571763694 0.556139886 0.587023854
1305031460.827660 -2.194103479 -0.717069745 1.332358956 0.133425876 0.572978318 0.554852128 0.588245273
1305031460.859714 -2.182713509 -0.730102301 1.337522984 0.125330716 0.575151145 0.555644095 0.587156713
1305031460.891774 -2.170175314 -0.744294047 1.345770359 0.116017446 0.579313517 0.555429101 0.585178912
1305031460.927562 -2.158907175 -0.755115986 1.354159832 0.110792734 0.580377221 0.556271672 0.584336460
1305031460.959649 -2.142947912 -0.763735533 1.353717804 0.107805818 0.579081595 0.559365451 0.583226204
1305031460.991668 -2.124914169 -0.788966537 1.353058338 0.103835471 0.582312882 0.561145186 0.579004288
1305031461.027620 -2.111939907 -0.798020840 1.359405398 0.105150141 0.584772348 0.560506225 0.576903403
1305031461.059662 -2.101569414 -0.809110522 1.366941333 0.108256869 0.586901188 0.558996975 0.575630069
1305031461.091728 -2.089514494 -0.821492076 1.373164773 0.106441461 0.585034549 0.560128748 0.576767385
1305031461.127586 -2.072267771 -0.828373790 1.371516943 0.103537165 0.584561944 0.559384048 0.578495443
1305031461.159720 -2.054501295 -0.844367862 1.372515202 0.102522247 0.586635292 0.558297575 0.577626228
1305031461.192013 -2.047508717 -0.842539430 1.376821160 0.105831459 0.588147223 0.552312613 0.581234396
1305031461.227607 -2.036867857 -0.850164056 1.380559206 0.104595363 0.590264976 0.550429165 0.581098020
1305031461.259642 -2.023067951 -0.862660170 1.382422924 0.103433631 0.591518760 0.548145294 0.582188785
1305031461.291656 -2.013171673 -0.862771034 1.384997606 0.103722624 0.593432903 0.541762888 0.586150110
1305031461.327751 -2.005751133 -0.858479857 1.388509989 0.104412824 0.596582174 0.536959648 0.587249637
1305031461.359709 -2.000571728 -0.858077645 1.395954132 0.099338055 0.599798620 0.534704864 0.586910784
1305031461.391708 -1.979956985 -0.865002632 1.394403934 0.090806246 0.597651422 0.538551927 0.586965859
1305031461.427624 -1.967897177 -0.866262674 1.392095566 0.088963613 0.598370254 0.537462831 0.587513745
1305031461.459781 -1.962947845 -0.864801168 1.399940252 0.086341381 0.598621488 0.539430141 0.585843503
1305031461.491677 -1.943925142 -0.872993708 1.386300802 0.081032202 0.596172273 0.543420136 0.585411906
1305031461.527705 -1.941637397 -0.869257689 1.384153843 0.085312374 0.598761261 0.539118886 0.586137831
1305031461.559677 -1.944662094 -0.857036710 1.372428656 0.085063413 0.598673761 0.536734164 0.588447511
1305031461.591690 -1.943118811 -0.853037596 1.364605069 0.081905417 0.604493916 0.533066452 0.586275339
1305031461.627541 -1.944101691 -0.847342610 1.364081860 0.078298219 0.609217525 0.532782197 0.582122445
1305031461.659622 -1.943427682 -0.841934800 1.360141039 0.075115129 0.612285852 0.532954991 0.579156995
1305031461.691563 -1.945305228 -0.832214117 1.361306667 0.075751886 0.613816798 0.537049055 0.573645353
1305031461.727602 -1.943158984 -0.823646307 1.350818157 0.074557677 0.611291230 0.543137670 0.570758879
1305031461.759684 -1.951264024 -0.809321880 1.349194884 0.075569235 0.612941206 0.543743312 0.568274200
1305031461.791612 -1.958997488 -0.795838714 1.343403697 0.073780991 0.612160444 0.548318565 0.564944923
1305031461.827615 -1.962812662 -0.783420920 1.334008813 0.072343610 0.613322794 0.552618861 0.559655190
1305031461.859767 -1.976972818 -0.761789322 1.337455988 0.076482393 0.615968645 0.556497514 0.552307546
1305031461.891723 -1.987734795 -0.746368766 1.347469091 0.078179233 0.616035819 0.566288531 0.541945755
1305031461.927758 -1.996215701 -0.729313493 1.341259718 0.077140510 0.610150337 0.576725602 0.537729979
1305031461.959703 -2.009760857 -0.706089973 1.320194483 0.075223945 0.606595337 0.581214011 0.537190557
1305031461.991590 -2.025917053 -0.687814832 1.345191717 0.072206356 0.614513874 0.584986389 0.524356663
1305031462.027675 -2.022352219 -0.690649986 1.350625038 0.063272506 0.610310197 0.598608613 0.514962018
1305031462.059837 -2.031089306 -0.684715986 1.357595444 0.066146858 0.604129970 0.609328747 0.509283900
1305031462.091777 -2.039233685 -0.670222759 1.347104669 0.069895238 0.593047202 0.621138752 0.507539570
1305031462.127739 -2.042972565 -0.661048651 1.349043846 0.069304585 0.587800324 0.629629135 0.503244281
1305031462.159646 -2.052899122 -0.650219440 1.350930095 0.070007816 0.583723724 0.635039926 0.501088619
1305031462.191641 -2.062111855 -0.640202761 1.351746917 0.067255341 0.581413746 0.636501431 0.502295375
1305031462.227633 -2.068718433 -0.637686491 1.357161999 0.060536698 0.580010176 0.640134633 0.500151217
1305031462.259765 -2.076379538 -0.633579731 1.365598321 0.053264122 0.578680456 0.640640795 0.501867831
1305031462.291629 -2.081649780 -0.632229567 1.368891954 0.045886621 0.574482858 0.641782343 0.505944133
1305031462.327540 -2.091282845 -0.623880863 1.369304061 0.038358893 0.570105612 0.641885400 0.511362374
1305031462.359732 -2.098447561 -0.623340845 1.384648085 0.028375586 0.570410609 0.639700055 0.514403045
1305031462.391695 -2.109733343 -0.614376307 1.401943922 0.020197658 0.567655146 0.637668848 0.520325005
1305031462.427635 -2.115190506 -0.608628035 1.404439449 0.011664095 0.559994996 0.638736427 0.527527690
1305031462.459897 -2.129208565 -0.599657297 1.416842937 0.005908723 0.554389775 0.636436760 0.536251128
1305031462.492008 -2.144942999 -0.586634874 1.416917562 0.000265112 0.542967975 0.636561215 0.547700346
1305031462.527670 -2.157857418 -0.574849129 1.428813219 -0.001915562 0.539029539 0.632432580 0.556302547
1305031462.559862 -2.167001486 -0.577050209 1.428563356 -0.009389869 0.530972183 0.630071044 0.566560686
1305031462.591862 -2.177453518 -0.580399990 1.426887274 -0.016750870 0.526996970 0.625577092 0.575019121
1305031462.627851 -2.193624496 -0.565615058 1.420528531 -0.017226806 0.522538424 0.618249655 0.586876750
1305031462.659660 -2.205891609 -0.565334678 1.419371843 -0.021289505 0.523009181 0.610694587 0.594188809
1305031462.692548 -2.219573736 -0.568586707 1.420695305 -0.023214906 0.523774087 0.602918446 0.601341128
1305031462.727652 -2.238658667 -0.560133457 1.422395110 -0.023608811 0.521712840 0.592670143 0.613188922
1305031462.759782 -2.261335850 -0.541336179 1.413078666 -0.021661321 0.514324129 0.581860065 0.629635096
1305031462.791943 -2.279689789 -0.527189374 1.405978918 -0.022095749 0.509811699 0.574184358 0.640246987
1305031462.827816 -2.302000761 -0.515870094 1.403569818 -0.022928456 0.506495953 0.567892015 0.648409426
1305031462.859782 -2.318257809 -0.495408177 1.393125772 -0.023995711 0.501198411 0.562789202 0.656881034
1305031462.891847 -2.336862087 -0.473774672 1.372754097 -0.021847399 0.497153312 0.559410274 0.662888706
1305031462.927607 -2.352547169 -0.462644815 1.358595371 -0.020656405 0.495926678 0.558326602 0.664756775
1305031462.959676 -2.363724232 -0.446016908 1.342676997 -0.017256744 0.492083490 0.555934012 0.669696569
1305031462.995550 -2.371256113 -0.441756487 1.330699205 -0.017003451 0.490951866 0.552044868 0.673738539
1305031463.027667 -2.382782221 -0.436762333 1.314047694 -0.013805804 0.490069777 0.545587540 0.679687679
1305031463.059810 -2.398907661 -0.421434999 1.297872782 -0.007790886 0.486449897 0.537284315 0.688934982
1305031463.095809 -2.411358833 -0.401374698 1.282899261 -0.006831837 0.483416766 0.527299881 0.698724926
1305031463.127550 -2.422452450 -0.387758374 1.265327692 -0.003922733 0.483056128 0.516973436 0.706668139
1305031463.159787 -2.438618660 -0.377810955 1.249809146 -0.001215324 0.484101713 0.506613553 0.713433087
1305031463.195657 -2.451425076 -0.364395857 1.235055804 -0.001993284 0.483125925 0.499795049 0.718881309
1305031463.227784 -2.454015732 -0.348068237 1.218504906 -0.002882162 0.480547071 0.495460063 0.723592162
1305031463.260034 -2.459915161 -0.343611002 1.200042725 0.000153040 0.481571347 0.491543055 0.725585639
1305031463.295737 -2.472197056 -0.321743369 1.183175087 0.004134067 0.481162131 0.483717263 0.731083870
1305031463.327739 -2.469950199 -0.309622645 1.168253660 0.003451800 0.477313399 0.482106060 0.734665811
1305031463.359750 -2.470631599 -0.297203422 1.154141784 0.009674817 0.475210756 0.477794170 0.738778651
1305031463.395630 -2.477908373 -0.277495384 1.138610601 0.015409417 0.472066760 0.471902996 0.744461656
1305031463.427716 -2.474714279 -0.258847713 1.118633747 0.015991149 0.466969401 0.469275028 0.749309659
1305031463.459756 -2.479366779 -0.242743254 1.102362871 0.016519550 0.467060655 0.465774059 0.751422644
1305031463.495629 -2.476439953 -0.218125939 1.082000732 0.017377414 0.466114134 0.464249730 0.752932906
1305031463.527670 -2.471858978 -0.200185895 1.064030886 0.017999273 0.469684392 0.461042970 0.752669990
1305031463.559751 -2.475789785 -0.202307940 1.044423103 0.016865898 0.473341852 0.462973654 0.749211907
1305031463.595600 -2.477209091 -0.185301065 1.031033039 0.018994266 0.472708762 0.461199313 0.750653565
1305031463.627588 -2.467094421 -0.184275031 0.992146611 0.016397230 0.465269178 0.463232309 0.754103124
1305031463.659766 -2.465660095 -0.175247312 0.965049922 0.022993250 0.466967821 0.459451556 0.755193174
1305031463.695640 -2.473762989 -0.157400608 0.948670864 0.028123667 0.470044553 0.452431619 0.757345915
1305031463.727588 -2.464243412 -0.156016827 0.914479613 0.023857849 0.466449946 0.452381343 0.759741008
1305031463.759674 -2.458154678 -0.173293352 0.874762177 0.018509595 0.469382077 0.449027926 0.760073602
1305031463.795647 -2.458024025 -0.148081064 0.852934659 0.027182046 0.473251730 0.436973751 0.764426589
1305031463.827761 -2.451816320 -0.142149329 0.819743097 0.023881478 0.472549826 0.428097010 0.769973576
1305031463.859910 -2.441483021 -0.148939252 0.782996714 0.018928368 0.473897547 0.419950277 0.773760080
1305031463.895648 -2.444459200 -0.138969541 0.756580055 0.022622084 0.476848543 0.410012931 0.777169943
1305031463.927664 -2.438379526 -0.137874961 0.729283512 0.021989586 0.475184411 0.405937999 0.780340075
1305031463.959680 -2.436014652 -0.139841974 0.704933345 0.022535967 0.473865002 0.398825437 0.784781814
1305031463.995821 -2.436515808 -0.137546241 0.680610001 0.026963834 0.472815186 0.391115546 0.789143503
1305031464.027703 -2.437551975 -0.134716988 0.652169108 0.027246978 0.470632821 0.382773370 0.794510543
1305031464.059652 -2.428299427 -0.144002438 0.620844066 0.022617402 0.469418734 0.375699371 0.798739314
1305031464.095634 -2.436753511 -0.143565416 0.602464259 0.026256677 0.475208819 0.364663154 0.800317526
1305031464.127681 -2.439210653 -0.151429117 0.580496669 0.025920818 0.474959344 0.358155876 0.803409100
1305031464.159817 -2.436655521 -0.165278852 0.559371114 0.029843349 0.472724050 0.356631726 0.805267155
1305031464.195585 -2.439173937 -0.179499269 0.538709521 0.037738807 0.468824804 0.350919962 0.809712470
1305031464.227624 -2.448310614 -0.173236012 0.528003216 0.051889583 0.463347107 0.343271405 0.815341532
1305031464.259644 -2.456404686 -0.171997070 0.518053055 0.059827395 0.453335226 0.337550342 0.822780490
1305031464.295667 -2.457401752 -0.175881386 0.495535791 0.062879048 0.438547850 0.332559019 0.832542241
1305031464.327866 -2.449067593 -0.150992811 0.472609758 0.071575031 0.423988163 0.324255437 0.842596889
1305031464.359684 -2.433867216 -0.161366642 0.424171090 0.072706766 0.409968525 0.322686136 0.850007832
1305031464.395611 -2.429255962 -0.150326788 0.395348907 0.077113464 0.404594988 0.313028246 0.855786085
1305031464.427634 -2.425064564 -0.142759681 0.366415501 0.076564699 0.403131187 0.303218186 0.860047579
1305031464.459689 -2.422375679 -0.149952114 0.344576299 0.074991882 0.403046429 0.295175374 0.863018751
1305031464.495633 -2.412676096 -0.143939614 0.305976272 0.076431423 0.397928566 0.291269064 0.866587281
1305031464.527574 -2.413719654 -0.132019162 0.282491952 0.077966511 0.398152143 0.283301234 0.868985951
1305031464.559703 -2.404643536 -0.136684984 0.252077639 0.070562400 0.395747513 0.272551775 0.874139845
1305031464.595698 -2.378270149 -0.150437057 0.197876573 0.067075543 0.394352168 0.265725791 0.877141476
1305031464.627672 -2.380498648 -0.152353406 0.170321286 0.072029442 0.407225877 0.255246520 0.873972595
1305031464.659749 -2.375112534 -0.159228384 0.137805879 0.073286198 0.419070721 0.240996301 0.872312844
1305031464.695663 -2.373045683 -0.175663352 0.115152836 0.076841749 0.433202863 0.221210629 0.870342791
1305031464.727652 -2.378836632 -0.176979303 0.116347671 0.088785999 0.444983959 0.198217437 0.868801594
1305031464.759740 -2.380485296 -0.156687200 0.109623671 0.097970538 0.447382838 0.174053475 0.871754527
1305031464.796021 -2.380342007 -0.169671640 0.096736372 0.098751709 0.444780707 0.155819908 0.876435041
1305031464.827759 -2.377658367 -0.180147320 0.102918088 0.104237817 0.437038451 0.136662245 0.882867694
1305031464.859654 -2.369593143 -0.157890037 0.091380715 0.112190373 0.421394110 0.120784931 0.891768694
1305031464.895817 -2.345403671 -0.148469239 0.074582338 0.108028211 0.403425574 0.101413742 0.902935803
1305031464.927799 -2.317523479 -0.160265103 0.065922916 0.099769175 0.391720742 0.081340410 0.911035001
1305031464.959763 -2.289348602 -0.163703024 0.054920942 0.099073559 0.385386258 0.063174769 0.915243685
1305031464.995687 -2.261989117 -0.147111714 0.048680425 0.101724200 0.382917255 0.042373668 0.917186558
1305031465.027823 -2.249922752 -0.153109059 0.057670951 0.097983122 0.385272652 0.022016857 0.917321980
1305031465.059749 -2.236289024 -0.122027248 0.081254631 0.102609731 0.381630450 -0.001380022 0.918600857
1305031465.095700 -2.214185238 -0.074192166 0.077340662 0.100809880 0.366092265 -0.012059436 0.925023437
1305031465.127664 -2.189465523 -0.049616959 0.091398031 0.083185472 0.352995574 -0.024476366 0.931598246
1305031465.159842 -2.161021709 -0.050202388 0.092838541 0.063755997 0.338589817 -0.027248925 0.938376069
1305031465.195564 -2.141175747 -0.039016202 0.107422605 0.051192705 0.328852594 -0.031867195 0.942454159
1305031465.227907 -2.099564791 -0.018006256 0.101821378 0.041949544 0.313523442 -0.032973871 0.948080182
1305031465.259807 -2.073611498 -0.016613800 0.108704448 0.029330909 0.303205699 -0.030994924 0.951969206
1305031465.295623 -2.044575214 0.009690844 0.116033770 0.031439785 0.292137235 -0.022264881 0.955600202
1305031465.327674 -2.023952007 0.033308771 0.127660781 0.031285215 0.279489160 -0.009046153 0.959596395
1305031465.359948 -2.001793146 0.032681391 0.129183277 0.028383736 0.262401283 0.002775556 0.964537382
1305031465.395586 -1.964066386 0.047707330 0.111199543 0.035567217 0.239961252 0.016071741 0.969997585
1305031465.427697 -1.921734333 0.070058867 0.094696671 0.043522846 0.221023217 0.024923975 0.973978162
1305031465.460125 -1.899178505 0.102086924 0.096139573 0.053519122 0.210469350 0.034397330 0.975528240
1305031465.495703 -1.880780339 0.131047308 0.084571965 0.056766592 0.199351341 0.044490617 0.977270246
1305031465.527622 -1.852994323 0.134535566 0.074928038 0.054787621 0.187702000 0.048428591 0.979500353
1305031465.559812 -1.823541045 0.159012094 0.061032809 0.064909786 0.176234260 0.051955611 0.980830729
1305031465.595599 -1.788380265 0.192862436 0.044466194 0.075729176 0.166577399 0.059645038 0.981305003
1305031465.627688 -1.784435749 0.213423193 0.035690852 0.082183063 0.165504336 0.066433176 0.980530977
1305031465.660060 -1.759468198 0.243677258 0.024389580 0.092043459 0.152561456 0.074598759 0.981166720
1305031465.695668 -1.723645568 0.272783309 0.008577167 0.100906253 0.140936092 0.080481820 0.981568992
1305031465.727682 -1.710423589 0.299350023 -0.001520362 0.110752210 0.139214799 0.086750850 0.980218112
1305031465.759766 -1.679722667 0.337445706 -0.007963604 0.122926623 0.131463543 0.095523089 0.979020834
1305031465.795937 -1.655487657 0.370708913 -0.024328712 0.131282240 0.125948280 0.099272348 0.978287816
1305031465.827996 -1.637201667 0.386311233 -0.043832574 0.138577580 0.123346157 0.101749770 0.977358162
1305031465.859861 -1.620462894 0.419356644 -0.053099506 0.149806246 0.122772746 0.103896335 0.975546241
1305031465.895494 -1.591270328 0.455773979 -0.063260496 0.153787732 0.124144562 0.107827865 0.974325776
1305031465.927495 -1.561273575 0.477752596 -0.072624311 0.158248574 0.128258690 0.108109541 0.973046482
1305031465.959710 -1.550117612 0.509702086 -0.086332276 0.168619081 0.138193518 0.105466023 0.970230460
1305031465.995753 -1.531940341 0.542831421 -0.090298414 0.174589545 0.144207224 0.100921512 0.968781531
1305031466.027644 -1.527352452 0.580279350 -0.103847414 0.181854561 0.148064971 0.099449135 0.967013776
1305031466.059757 -1.523341656 0.613912940 -0.107209310 0.181516305 0.151047021 0.100282468 0.966529906
1305031466.095840 -1.515686035 0.643229365 -0.111597978 0.178607479 0.149507195 0.100727662 0.967264652
1305031466.127640 -1.510820627 0.668873250 -0.124260455 0.173458993 0.144916475 0.100867786 0.968884408
1305031466.160428 -1.506793618 0.693848968 -0.137541711 0.169694528 0.139182344 0.104595296 0.969995797
1305031466.195833 -1.491701603 0.723556757 -0.154602125 0.164649278 0.126337335 0.106635109 0.972398341
1305031466.227951 -1.483540058 0.745555162 -0.167880431 0.154946551 0.117277049 0.103272654 0.975485802
1305031466.259815 -1.451337337 0.755540311 -0.193206146 0.149289712 0.108763903 0.097903319 0.977904916
1305031466.295737 -1.436990380 0.777442336 -0.222241774 0.149204403 0.112844080 0.086581491 0.978523374
1305031466.327702 -1.428462982 0.796950161 -0.245998204 0.146415964 0.123934984 0.078400165 0.978292346
1305031466.359829 -1.419549346 0.809213817 -0.267859042 0.137962997 0.131998867 0.075113796 0.978723884
1305031466.395784 -1.407110453 0.808685899 -0.285481155 0.134063452 0.136162549 0.070851386 0.979013264
1305031466.427819 -1.405200005 0.832513094 -0.303327382 0.141808048 0.136109039 0.064137489 0.978392184
1305031466.459790 -1.396990776 0.854347885 -0.322934449 0.141782030 0.131644472 0.059270609 0.979313314
1305031466.495809 -1.369685411 0.869972289 -0.338498443 0.137969121 0.123780124 0.060555391 0.980803788
1305031466.527538 -1.346097350 0.880042851 -0.355815470 0.134845272 0.123889774 0.060082972 0.981253386
1305031466.560353 -1.330879211 0.904016554 -0.372021735 0.134401232 0.126994103 0.059052445 0.980979979
1305031466.595936 -1.312508821 0.918722451 -0.383133769 0.125632063 0.125257775 0.059167359 0.982357562
1305031466.627549 -1.280947447 0.917356849 -0.390273452 0.116873525 0.126476735 0.054971408 0.983525515
1305031466.659688 -1.259184122 0.929885626 -0.400132149 0.122540444 0.129668936 0.048624821 0.982753992
1305031466.695822 -1.250254869 0.955145836 -0.412837207 0.124111272 0.130823195 0.042515002 0.982687294
1305031466.728074 -1.225918770 0.961540282 -0.424431443 0.115024477 0.127198517 0.034175593 0.984592319
1305031466.759637 -1.199002981 0.959197760 -0.433959991 0.113696910 0.126630053 0.025827134 0.985073984
1305031466.795604 -1.186704040 0.980293512 -0.447544128 0.121166676 0.126695082 0.017921524 0.984350443
1305031466.827879 -1.173557997 0.989629209 -0.464906335 0.117161550 0.122769386 0.014784301 0.985384345
1305031466.859665 -1.153488278 0.991656780 -0.475175887 0.115025975 0.116004087 0.014906242 0.986453176
1305031466.895694 -1.144721031 1.001368880 -0.481686205 0.120125286 0.106227726 0.012942803 0.986974180
1305031466.927756 -1.120918751 1.011033058 -0.495627880 0.121578760 0.088771880 0.009555714 0.988557994
1305031466.959728 -1.099237442 1.015223145 -0.507466078 0.122457430 0.077943645 0.006246722 0.989388704
1305031466.995712 -1.078299522 1.024261832 -0.518774211 0.123823524 0.071948126 0.002737710 0.989688694
1305031467.027843 -1.063639402 1.029956937 -0.528412819 0.123869546 0.068186812 -0.002596913 0.989949584
1305031467.059700 -1.034971952 1.040202737 -0.540126801 0.124220900 0.062704705 -0.006519973 0.990249932
1305031467.095687 -1.019881964 1.047407508 -0.547799945 0.121837825 0.062064849 -0.011533176 0.990540504
1305031467.128974 -1.008152723 1.046903014 -0.560912490 0.119340084 0.061124269 -0.022276513 0.990719676
1305031467.159660 -0.993841052 1.054292440 -0.568923235 0.120545328 0.058543559 -0.030210387 0.990519464
1305031467.195663 -0.980191350 1.059798717 -0.576704264 0.121327952 0.054042030 -0.034662075 0.990533948
1305031467.227704 -0.961634517 1.064462662 -0.583642125 0.121783882 0.046240613 -0.040717971 0.990642488
1305031467.259694 -0.945566297 1.068293214 -0.593418062 0.123018734 0.040794637 -0.047098383 0.990446329
1305031467.295846 -0.931900740 1.076742291 -0.601652563 0.125257209 0.035989393 -0.054241206 0.989986539
1305031467.328008 -0.914666593 1.086555958 -0.612867892 0.127072439 0.029945813 -0.060151204 0.989614964
1305031467.359654 -0.902561069 1.098533988 -0.622264743 0.125635028 0.023814645 -0.061929215 0.989855289
1305031467.395756 -0.884051502 1.104521513 -0.630302727 0.120111123 0.015075810 -0.066495754 0.990416288
1305031467.427783 -0.867028534 1.106683493 -0.637327373 0.118088767 0.008456139 -0.071393132 0.990397215
1305031467.459692 -0.851833582 1.112994313 -0.650030315 0.118384957 0.001506603 -0.073170587 0.990267098
1305031467.496058 -0.827373087 1.122261643 -0.666082382 0.114037059 -0.008169354 -0.077979252 0.990377784
1305031467.527663 -0.816234887 1.125477672 -0.672337890 0.108140528 -0.010141144 -0.085335366 0.990414381
1305031467.559763 -0.795251131 1.126010060 -0.678200424 0.107911721 -0.012265969 -0.088167772 0.990167260
1305031467.595989 -0.780620992 1.127098918 -0.686916351 0.107570700 -0.014269043 -0.086335227 0.990338981
1305031467.627532 -0.766174793 1.120414615 -0.689473629 0.108402297 -0.019016171 -0.085741378 0.990220070
1305031467.659626 -0.749771953 1.120367169 -0.693931460 0.116737418 -0.025450086 -0.083162539 0.989347577
1305031467.695886 -0.732427359 1.120147943 -0.694133401 0.120251119 -0.029403042 -0.086613990 0.988520682
1305031467.727535 -0.713198841 1.106660366 -0.694552302 0.121744134 -0.031792127 -0.092281923 0.987750828
1305031467.759907 -0.700977325 1.102153182 -0.695518374 0.127780616 -0.033044692 -0.095735595 0.986617982
1305031467.796075 -0.682030678 1.095280409 -0.693454385 0.131350279 -0.036829613 -0.099451862 0.985647023
1305031467.827800 -0.663136899 1.079513788 -0.683506131 0.134907454 -0.040712830 -0.101822659 0.984771371
1305031467.859729 -0.651497424 1.065987468 -0.680046380 0.141648889 -0.044988368 -0.099862032 0.983839095
1305031467.895947 -0.638860524 1.061517596 -0.675628781 0.147456110 -0.051746912 -0.100462757 0.982591569
1305031467.927754 -0.621727765 1.048283339 -0.664692938 0.150168017 -0.060348187 -0.105410062 0.981170952
1305031467.959826 -0.602557957 1.028194547 -0.642731726 0.156523496 -0.066596858 -0.107340604 0.979562819
1305031467.995754 -0.582193613 1.031121135 -0.625366271 0.162686586 -0.069910102 -0.111349277 0.977878869
1305031468.028107 -0.564905524 1.008491993 -0.613411844 0.158358887 -0.071527950 -0.114213511 0.978141904
1305031468.059850 -0.555092931 0.985427558 -0.599805117 0.161545545 -0.073547065 -0.117292002 0.977106154
1305031468.095867 -0.537438333 0.978403449 -0.585836112 0.164901569 -0.077833392 -0.119590946 0.975934207
1305031468.127816 -0.521771014 0.955470920 -0.571081519 0.161891922 -0.081071720 -0.121077694 0.975991070
1305031468.159864 -0.503003359 0.935674131 -0.559737086 0.162991345 -0.083935738 -0.125319630 0.975030065
1305031468.195985 -0.484061420 0.920422673 -0.548311591 0.162370861 -0.085576504 -0.129777461 0.974407613
1305031468.228158 -0.468792439 0.894838214 -0.537070513 0.159220025 -0.085746691 -0.129762784 0.974914432
1305031468.259754 -0.447211832 0.869623780 -0.531801820 0.156867743 -0.086218543 -0.127826273 0.975509822
1305031468.295830 -0.428253412 0.843534470 -0.524838150 0.154041842 -0.085457049 -0.127270535 0.976099610
1305031468.327847 -0.414174885 0.810146272 -0.514838219 0.153162390 -0.084174514 -0.125719026 0.976550460
1305031468.359787 -0.397690386 0.791575909 -0.508426726 0.157158464 -0.082777567 -0.121772371 0.976534963
1305031468.395860 -0.384898961 0.775941014 -0.504292607 0.154809773 -0.082060285 -0.121590018 0.976993322
1305031468.428025 -0.376111209 0.739415467 -0.504720390 0.147004262 -0.081887394 -0.121663846 0.978203595
1305031468.459759 -0.362204909 0.716219485 -0.501774490 0.145461172 -0.083750777 -0.119196102 0.978580177
1305031468.495809 -0.348021835 0.693793952 -0.504099190 0.141466945 -0.083201207 -0.119107686 0.979223192
1305031468.527756 -0.345992595 0.652337492 -0.506161034 0.135203794 -0.080985196 -0.123545200 0.979743838
1305031468.559739 -0.343950033 0.620648921 -0.504276156 0.138419807 -0.080643199 -0.133704215 0.977987647
1305031468.595768 -0.346061647 0.614677429 -0.504850626 0.142820269 -0.079445153 -0.139857680 0.976591349
1305031468.627626 -0.348367512 0.590592742 -0.504627585 0.135581598 -0.079964772 -0.140798122 0.977445245
1305031468.659579 -0.351774007 0.556425214 -0.505802691 0.131364167 -0.084013686 -0.141727045 0.977547228
1305031468.695835 -0.357662201 0.526924968 -0.505017996 0.133436084 -0.089746371 -0.146710575 0.976020753
1305031468.727785 -0.352352500 0.513279974 -0.502691686 0.139260948 -0.097131178 -0.148678824 0.974200487
1305031468.759628 -0.355787605 0.487961709 -0.500992239 0.138760462 -0.100830443 -0.149956018 0.973700166
1305031468.795796 -0.363586873 0.457244933 -0.504223108 0.140027285 -0.101422526 -0.155979633 0.972510278
1305031468.829247 -0.363860488 0.440290421 -0.502537251 0.147078201 -0.103073262 -0.162690386 0.970193684
1305031468.859659 -0.354610860 0.433221966 -0.497371405 0.150211290 -0.103965066 -0.166630223 0.968949080
1305031468.895873 -0.355225146 0.417795449 -0.494078398 0.146958739 -0.098962210 -0.167952091 0.969743133
1305031468.928141 -0.358589739 0.405231029 -0.489774078 0.142945334 -0.093180254 -0.163774148 0.971628606
1305031468.959594 -0.364653558 0.405321240 -0.487029284 0.138484016 -0.086709902 -0.159724936 0.973545849
1305031468.995711 -0.372352779 0.417207003 -0.479207784 0.127093688 -0.082172349 -0.160514072 0.975361586
1305031469.027699 -0.373386592 0.394625932 -0.473356575 0.103019007 -0.080527604 -0.164709672 0.977636516
1305031469.059832 -0.378262043 0.370320320 -0.466409802 0.086093239 -0.080056489 -0.170126528 0.978384376
1305031469.095723 -0.381226182 0.363505512 -0.452928245 0.074006602 -0.078851402 -0.177722618 0.978120804
1305031469.127679 -0.359747022 0.344525784 -0.442359805 0.058075108 -0.077310942 -0.187375218 0.977517724
1305031469.159703 -0.361239016 0.329774320 -0.425875843 0.045519717 -0.068849206 -0.192970261 0.977727056
1305031469.195540 -0.361751735 0.315348536 -0.416243047 0.035395477 -0.059566867 -0.196610779 0.978030264
1305031469.227754 -0.381353587 0.310506195 -0.403032243 0.029727686 -0.048472751 -0.199348524 0.978277504
1305031469.259586 -0.380354136 0.306961954 -0.387040377 0.024059758 -0.046533078 -0.201894030 0.978005469
1305031469.296754 -0.379659057 0.301144898 -0.372751087 0.018233884 -0.041952230 -0.204068258 0.977887452
1305031469.327618 -0.378157973 0.307219982 -0.358497679 0.014522255 -0.039062165 -0.203945339 0.978094935
1305031469.359592 -0.363659889 0.295989126 -0.342721373 0.004860220 -0.037903428 -0.206183925 0.977766871
1305031469.395695 -0.367037892 0.281146318 -0.328893960 -0.002235789 -0.025849577 -0.212128505 0.976897240
1305031469.427651 -0.371925920 0.298829049 -0.310677230 0.000966671 -0.010759460 -0.218339562 0.975813091
1305031469.459668 -0.373647422 0.288658142 -0.296339333 -0.005789520 -0.000954106 -0.225858480 0.974142492
1305031469.495744 -0.389427751 0.302112043 -0.275050908 -0.005583071 0.008569113 -0.228931010 0.973388970
1305031469.527622 -0.390626073 0.316246539 -0.259598434 -0.006991405 0.009242197 -0.228306115 0.973520458
1305031469.559645 -0.384103775 0.318234056 -0.242252871 -0.015007310 0.005924186 -0.228323877 0.973451555
1305031469.595755 -0.380611509 0.327191472 -0.223723963 -0.022994079 0.004347238 -0.225233272 0.974023819
1305031469.627752 -0.378416181 0.329895705 -0.206680551 -0.034932580 0.004818146 -0.222977191 0.974185705
1305031469.659590 -0.374381810 0.336281151 -0.188127309 -0.040770281 0.007038520 -0.222234160 0.974115193
1305031469.695613 -0.374350995 0.350641370 -0.169847012 -0.044261225 0.010229641 -0.219733521 0.974501669
1305031469.727679 -0.378291428 0.362116873 -0.151227996 -0.049921796 0.015419934 -0.217541009 0.974651754
1305031469.759599 -0.383477569 0.380398482 -0.134775996 -0.054668460 0.020587193 -0.212411791 0.975432634
1305031469.795621 -0.384883285 0.400708884 -0.116856635 -0.057860032 0.020644378 -0.206379414 0.976541698
1305031469.827526 -0.391574055 0.418471217 -0.100398891 -0.061910551 0.019552870 -0.202515647 0.977124453
1305031469.859574 -0.398909181 0.430802673 -0.085957192 -0.069181740 0.017334608 -0.200275958 0.977140248
1305031469.895755 -0.407049417 0.447680265 -0.066786334 -0.073667035 0.016153228 -0.196214184 0.977656484
1305031469.927854 -0.415468395 0.467446804 -0.050702620 -0.075477116 0.014206621 -0.192642763 0.978258729
1305031469.959805 -0.429191738 0.487316251 -0.039455324 -0.075231008 0.011947148 -0.189825624 0.978858411
1305031469.995551 -0.439028472 0.504289925 -0.034171581 -0.075248919 0.009883400 -0.187229604 0.979379952
1305031470.027694 -0.459925413 0.519852102 -0.020025061 -0.078160629 0.010974367 -0.186448351 0.979289293
1305031470.059638 -0.477561027 0.538460970 -0.011260499 -0.079684339 0.010916647 -0.186631203 0.979132354
1305031470.095944 -0.491764665 0.552208424 -0.002347564 -0.081653409 0.010782206 -0.183350861 0.979591250
1305031470.127633 -0.508998573 0.568104446 0.003128896 -0.085626878 0.011138089 -0.180718735 0.979737103
1305031470.159626 -0.529053152 0.590267420 0.008689556 -0.086037338 0.011820597 -0.177182943 0.980338752
1305031470.196092 -0.549731374 0.606442273 0.009275302 -0.086901568 0.011755585 -0.174271643 0.980785131
1305031470.227618 -0.573628843 0.624181688 0.011418341 -0.089432120 0.014448642 -0.171064302 0.981086254
1305031470.259965 -0.588968337 0.631926775 0.015881307 -0.096027747 0.013501759 -0.167881086 0.981026173
1305031470.295718 -0.600382328 0.637145519 0.023923334 -0.104210392 0.011956423 -0.163414463 0.980965316
1305031470.327644 -0.618582904 0.650910437 0.026191067 -0.109966531 0.011596155 -0.159856826 0.980927527
1305031470.359624 -0.641090572 0.666193545 0.028940357 -0.113834739 0.011825132 -0.155954048 0.981111765
1305031470.395823 -0.662607908 0.679631770 0.030847102 -0.116265811 0.012011755 -0.152951494 0.981297076
1305031470.427641 -0.686178327 0.687464118 0.033904206 -0.118868299 0.010486168 -0.157480076 0.980285883
1305031470.459721 -0.705063343 0.700674593 0.028334055 -0.115135461 0.010011871 -0.153791904 0.981321394
1305031470.495686 -0.637737155 0.722955406 -0.007199233 -0.101457857 -0.015189705 -0.142803147 0.984420061
1305031470.527689 -0.660852849 0.728758395 -0.009025758 -0.102546968 -0.014589494 -0.144453928 0.984075367
1305031470.559677 -0.677831352 0.733911216 -0.009533709 -0.104815677 -0.014737301 -0.144608617 0.983811378
1305031470.595760 -0.698061645 0.738256872 -0.007988969 -0.106847890 -0.013637447 -0.141213551 0.984101772
1305031470.627729 -0.715259254 0.741702378 -0.007911660 -0.110004649 -0.013230898 -0.138415769 0.984157085
1305031470.659690 -0.736138821 0.750160813 -0.000359401 -0.110278003 -0.010468884 -0.131852433 0.985060453
1305031470.695630 -0.755706429 0.754341125 -0.000121839 -0.113317296 -0.010102749 -0.130054310 0.984958410
1305031470.727654 -0.774679959 0.755476713 0.005355198 -0.114233650 -0.009594100 -0.130351275 0.984818339
1305031470.759682 -0.787568033 0.751199603 -0.001903422 -0.117901437 -0.006277962 -0.127747223 0.984754026
1305031470.795615 -0.806371987 0.757842243 0.002443217 -0.118957095 0.000148971 -0.123677477 0.985166550
1305031470.827831 -0.820435405 0.758219779 0.006672446 -0.116145857 0.000498434 -0.119228803 0.986049950
1305031470.859645 -0.833937883 0.764072061 0.011142900 -0.108559750 0.001139332 -0.112285264 0.987727463
1305031470.895722 -0.853043318 0.766713142 0.010802979 -0.103466734 0.002526385 -0.108099960 0.988737941
1305031470.927684 -0.869339466 0.762872219 0.011279091 -0.100276992 0.000240732 -0.103223383 0.989590585
1305031470.959647 -0.888626933 0.758152366 0.013670262 -0.091209039 -0.000083290 -0.101918899 0.990602612
1305031470.995996 -0.888713479 0.743122339 0.005623573 -0.089153446 -0.008275601 -0.097745538 0.991175592
1305031471.027644 -0.892439365 0.722026944 0.008821940 -0.090400524 -0.010523463 -0.089866593 0.991786778
1305031471.059636 -0.908374429 0.716237664 0.005340413 -0.081736296 -0.006127041 -0.085783131 0.992936492
1305031471.095777 -0.927525163 0.719117939 0.000814440 -0.070342235 -0.001065315 -0.080302164 0.994284928
1305031471.127663 -0.940946758 0.712340355 0.000540053 -0.065030552 -0.000343700 -0.074390210 0.995106518
1305031471.159649 -0.948766649 0.716489673 -0.000651081 -0.055649161 -0.000231263 -0.068909749 0.996069610
1305031471.195703 -0.952743888 0.724149585 -0.004728650 -0.047468599 -0.000054967 -0.064128496 0.996812046
1305031471.227569 -0.957993925 0.720655084 -0.000844741 -0.048033930 0.002163937 -0.057599742 0.997181177
1305031471.259722 -0.969416559 0.713297784 0.000115063 -0.050428081 0.004466701 -0.053610384 0.997277856
1305031471.296068 -0.980136633 0.706326008 0.000719822 -0.050571084 0.007710666 -0.049258146 0.997475207
1305031471.327642 -0.980210304 0.706893325 -0.000285977 -0.045325208 0.009326383 -0.046353146 0.997852743
1305031471.359615 -0.985315323 0.708697081 -0.002447363 -0.043366995 0.016553666 -0.044047885 0.997950494
1305031471.395730 -0.997296035 0.698126853 -0.002421794 -0.045586661 0.025389837 -0.038261246 0.997904480
1305031471.427704 -1.011839867 0.699426770 -0.004680840 -0.039472155 0.031259544 -0.030852543 0.998254955
1305031471.459647 -1.017679453 0.699068904 -0.008597606 -0.038003206 0.030273851 -0.026413469 0.998469710
1305031471.496491 -1.024440169 0.697532356 -0.009391667 -0.038580030 0.030659664 -0.021824436 0.998546600
1305031471.527624 -1.032113791 0.696648777 -0.012581745 -0.037914444 0.031519849 -0.017404417 0.998632133
1305031471.559671 -1.034352183 0.698051155 -0.014501120 -0.037176996 0.031715903 -0.015474301 0.998685420
1305031471.595702 -1.036044240 0.695685804 -0.019852843 -0.037990496 0.035030350 -0.012931060 0.998580217
1305031471.627621 -1.040193439 0.693361342 -0.022550942 -0.038441233 0.039751038 -0.011237198 0.998406649
1305031471.659642 -1.044729710 0.690449774 -0.026307989 -0.037742015 0.045223769 -0.008064828 0.998231113
1305031471.695609 -1.049530625 0.693034470 -0.030320972 -0.034719039 0.049309641 -0.002799823 0.998176038
1305031471.727501 -1.055602670 0.699031174 -0.032395083 -0.033180580 0.054247871 0.001705016 0.997974575
1305031471.759702 -1.054245353 0.695077002 -0.035137013 -0.035678044 0.057001211 0.007823177 0.997705758
1305031471.795801 -1.058273435 0.700368702 -0.039825346 -0.032928638 0.064195290 0.016224930 0.997262001
1305031471.827639 -1.066050410 0.711397946 -0.037644520 -0.032165792 0.070751816 0.024025889 0.996685743
1305031471.859665 -1.070244670 0.709419250 -0.036723949 -0.037171133 0.073948219 0.031136952 0.996082604
1305031471.895604 -1.073549747 0.718348801 -0.035014160 -0.037406780 0.077794507 0.038090087 0.995539069
1305031471.927651 -1.078283668 0.719127238 -0.035826270 -0.044021126 0.082304232 0.042958066 0.994707406
1305031471.959643 -1.080702305 0.707517147 -0.035154264 -0.051733036 0.088513754 0.044979379 0.993713200
1305031471.995573 -1.086885452 0.727471948 -0.034814104 -0.044345543 0.096431240 0.049089745 0.993138850
1305031472.027638 -1.100794911 0.731347740 -0.031230545 -0.051702030 0.105205126 0.052656595 0.991708696
1305031472.059668 -1.101034284 0.716047287 -0.029861713 -0.062065404 0.107392810 0.056318354 0.990678012
1305031472.095601 -1.109238505 0.726534665 -0.028304439 -0.057887889 0.113810636 0.061257970 0.989921033
1305031472.127594 -1.117398381 0.728554547 -0.024682399 -0.063808620 0.116791926 0.066629685 0.988862276
1305031472.159645 -1.121293068 0.724274993 -0.018654579 -0.068252929 0.116784297 0.068282604 0.988453627
1305031472.195682 -1.126081944 0.722841084 -0.017968370 -0.064447396 0.117861398 0.072099321 0.988310158
1305031472.227626 -1.131914139 0.726104438 -0.019293543 -0.060867902 0.119776085 0.074184634 0.988152564
1305031472.263840 -1.133069873 0.714804828 -0.019089177 -0.063020959 0.120782264 0.075891748 0.987765431
1305031472.295671 -1.137538195 0.718111217 -0.018330470 -0.053002376 0.124802783 0.076538309 0.987804115
1305031472.327678 -1.142998457 0.724104464 -0.019763172 -0.045066632 0.127426058 0.077304669 0.987803459
1305031472.363577 -1.144447088 0.723271012 -0.022122592 -0.045073997 0.127071247 0.078640327 0.987743437
1305031472.395599 -1.144410253 0.719037890 -0.018867433 -0.045318305 0.124867514 0.080939315 0.987827539
1305031472.427686 -1.145848036 0.712676764 -0.019920107 -0.044579092 0.122700408 0.081052512 0.988123357
1305031472.463603 -1.142677426 0.706386864 -0.023721343 -0.044919409 0.120282546 0.079402581 0.988539159
1305031472.495626 -1.142564535 0.708523154 -0.024661442 -0.042992640 0.122118600 0.078287639 0.988488615
1305031472.527625 -1.140751004 0.697373807 -0.023985837 -0.045595326 0.124115735 0.079536378 0.988023520
1305031472.563587 -1.138291597 0.692672789 -0.023909666 -0.039984085 0.123783760 0.081860818 0.988118231
1305031472.595675 -1.137989521 0.692586601 -0.028703643 -0.034952901 0.122717865 0.082791455 0.988364518
1305031472.627701 -1.133342981 0.687599957 -0.029156251 -0.035360068 0.120860040 0.084830672 0.988405943
1305031472.663575 -1.129929781 0.684135795 -0.028657645 -0.034054678 0.120239563 0.086228892 0.988406479
1305031472.695755 -1.125454187 0.676855445 -0.029282834 -0.033400856 0.118765600 0.087664329 0.988480747
1305031472.727628 -1.120578527 0.672727287 -0.029159935 -0.031235604 0.117620118 0.087515920 0.988701642
1305031472.763578 -1.117625833 0.672524393 -0.028638935 -0.028130120 0.118120156 0.085328370 0.988926411
1305031472.795640 -1.113743901 0.663895130 -0.028744776 -0.028895725 0.119011916 0.084055640 0.988906443
1305031472.827627 -1.113525629 0.665133595 -0.027808506 -0.024055585 0.120425336 0.083602421 0.988903284
1305031472.863598 -1.111004472 0.662661076 -0.025869854 -0.022422602 0.119876452 0.085467629 0.988848925
1305031472.895713 -1.109933972 0.663613498 -0.024487311 -0.020989815 0.118392497 0.087493062 0.988882065
1305031472.927685 -1.107841253 0.659474492 -0.022976756 -0.021932172 0.117187761 0.088772677 0.988891006
1305031472.963756 -1.106586576 0.659756720 -0.021192025 -0.020791396 0.117409579 0.090102263 0.988769174
1305031472.995704 -1.108070254 0.658232927 -0.019870974 -0.021567557 0.117191322 0.091496788 0.988650322
1305031473.027638 -1.105820537 0.659229398 -0.018456142 -0.021465205 0.115145363 0.091355927 0.988905907
1305031473.063684 -1.103389263 0.655961394 -0.017350534 -0.023257950 0.113998532 0.089862183 0.989135146
1305031473.095695 -1.103534341 0.654906452 -0.017698197 -0.023128068 0.115368664 0.087797575 0.989164650
1305031473.127744 -1.103240132 0.653357565 -0.016170509 -0.023753893 0.116429642 0.086852148 0.989108980
1305031473.167060 -1.105376720 0.650821090 -0.015821088 -0.023452854 0.116784349 0.086471736 0.989107728
1305031473.196069 -1.103862524 0.648877561 -0.017652288 -0.022949411 0.115580805 0.086183213 0.989286065
