1305031452.791720 0.0000000 0.0000000 0.0000000 -0.0000000 -0.0000000 -0.0000000 1.0000000
1305031452.823674 0.0027757 -0.0023677 0.0052525 -0.0011220 0.0104261 0.0170498 0.9997997
1305031452.859642 0.0046466 0.0031366 0.0052763 0.0030285 0.0191344 0.0333885 0.9992547
1305031452.923715 0.0010743 0.0265849 0.0025764 0.0031614 0.0321184 0.0476617 0.9983420
1305031453.023650 0.0233899 0.0477885 0.0010329 0.0124732 0.0480445 0.0474459 0.9976398
1305031453.191726 0.0252603 0.0851493 -0.0295629 0.0219914 0.1165158 0.0526610 0.9915479
1305031453.291696 0.0212622 0.1005927 -0.0551520 0.0241802 0.1525275 0.0642324 0.9859132
1305031453.391690 -0.0107001 0.1307440 -0.0768423 0.0358981 0.1896666 0.0912187 0.9769428
1305031453.523684 -0.0208160 0.1572330 -0.1335515 0.0572768 0.2112165 0.1261255 0.9675739
1305031453.759694 -0.1441485 0.2316919 -0.2184874 0.1068571 0.2079930 0.1102595 0.9660038
1305031453.859705 -0.2254554 0.2608775 -0.2343956 0.1156002 0.1887265 0.0850381 0.9714872
1305031453.927723 -0.2638361 0.2770150 -0.2465315 0.1141830 0.1550125 0.0729514 0.9785762
1305031453.991624 -0.2809467 0.2755531 -0.2487107 0.1071907 0.1234411 0.0544891 0.9850398
1305031454.059654 -0.3239904 0.2828569 -0.2410183 0.1091502 0.1037867 0.0317105 0.9880835
1305031454.127701 -0.3602601 0.2792514 -0.2342563 0.1081972 0.0809017 0.0018954 0.9908303
1305031454.191658 -0.3993484 0.2868067 -0.2283192 0.1045588 0.0522903 -0.0261096 0.9927998
1305031454.259627 -0.4129251 0.2799146 -0.2196159 0.1061636 0.0206343 -0.0615582 0.9922268
1305031454.327699 -0.4487532 0.2718866 -0.2191822 0.0985856 0.0059530 -0.0899559 0.9910365
1305031454.391677 -0.4623704 0.2873476 -0.2154864 0.1048037 -0.0144591 -0.1195273 0.9871780
1305031454.459913 -0.4792363 0.2947933 -0.2093421 0.1049142 -0.0378091 -0.1523956 0.9820077
1305031454.559575 -0.5061808 0.3218085 -0.2112210 0.0974515 -0.0535712 -0.1990230 0.9736648
1305031454.627580 -0.5173236 0.3402110 -0.2106000 0.0902617 -0.0783241 -0.2296790 0.9659016
1305031454.727659 -0.5114402 0.3710201 -0.2056923 0.0755294 -0.1225448 -0.2474787 0.9581401
1305031454.827570 -0.4857470 0.4043761 -0.2030049 0.0671650 -0.1371246 -0.2260497 0.9620745
1305031455.059636 -0.5081733 0.4840218 -0.2156507 0.0524801 -0.1071999 -0.1817010 0.9760834
1305031455.259631 -0.5906932 0.5584181 -0.2199805 0.0553738 -0.0771642 -0.1553973 0.9832757
1305031455.427642 -0.6774150 0.5814672 -0.2194623 0.0195643 -0.0508819 -0.1025650 0.9932314
1305031455.527610 -0.7497376 0.5815784 -0.2284042 0.0098273 -0.0352132 -0.0680363 0.9970128
1305031455.627617 -0.8239349 0.5761169 -0.2407233 0.0061624 -0.0329132 -0.0258261 0.9991055
1305031455.727628 -0.8976229 0.5645601 -0.2595048 0.0141616 -0.0211580 -0.0275920 0.9992950
1305031455.827590 -0.9737982 0.5464073 -0.2846808 0.0187834 -0.0015528 -0.0301773 0.9993669
1305031455.959716 -1.0510076 0.5214301 -0.3187960 0.0166825 0.0137728 -0.0347454 0.9991621
1305031456.127645 -1.1351781 0.4826659 -0.3359373 -0.0132040 0.0427469 -0.0502661 0.9977333
1305031456.227678 -1.1682179 0.4606473 -0.3368529 -0.0064198 0.0663367 -0.0452370 0.9967507
1305031456.327718 -1.2058589 0.4200611 -0.3208189 -0.0045873 0.1012762 -0.0309533 0.9943661
1305031456.459610 -1.2809728 0.4245756 -0.2742565 0.0139147 0.1515010 -0.0086716 0.9883211
1305031456.627612 -1.3376913 0.4355910 -0.1935264 -0.0035498 0.1612057 0.0232825 0.9866398
1305031456.759615 -1.3981680 0.3847263 -0.1147230 -0.0296983 0.1735805 0.0628315 0.9823645
1305031456.891672 -1.4174372 0.3994853 -0.0407403 -0.0254627 0.1621609 0.0889830 0.9824141
1305031457.059621 -1.4849844 0.4216128 0.0221946 -0.0274551 0.1901096 0.1145811 0.9746670
1305031457.191735 -1.5424173 0.3969037 0.0403748 -0.0386122 0.2156444 0.1379801 0.9659027
1305031457.359712 -1.6331141 0.3586816 0.0321252 -0.0315056 0.2594864 0.1655606 0.9509279
1305031457.491705 -1.7253935 0.3195934 0.0239518 -0.0199209 0.2879319 0.1878123 0.9388423
1305031457.659632 -1.8301203 0.2827830 0.0101051 -0.0017894 0.3078771 0.2010857 0.9299318
1305031457.791567 -1.8822980 0.1968798 0.0049542 -0.0081120 0.3157497 0.2015526 0.9271531
1305031457.927633 -1.9664861 0.1453364 0.0158809 0.0232857 0.3504053 0.2000617 0.9146853
1305031458.059689 -2.0219016 0.1095842 0.0419883 0.0539962 0.3637277 0.2014191 0.9078639
1305031458.191646 -2.0787144 0.0677306 0.1271370 0.0550666 0.3803537 0.2098616 0.8990310
1305031458.327628 -2.1147010 -0.0047506 0.2238996 0.0527652 0.3725077 0.2110368 0.9021737
1305031458.459637 -2.1022983 -0.0505086 0.2979747 0.0931801 0.3706946 0.2229296 0.8967750
1305031458.627659 -2.1174796 0.0030473 0.4635104 0.1555155 0.4197508 0.1880304 0.8742247
1305031458.759945 -2.0945215 -0.0029666 0.5650045 0.1465292 0.3785220 0.1631229 0.8992448
1305031458.891665 -2.0429316 0.0120623 0.6021664 0.1456420 0.3468242 0.1407238 0.9158047
1305031459.027665 -2.0757027 -0.0525497 0.6812420 0.1465730 0.3690543 0.1626604 0.9032480
1305031459.127618 -2.1386240 -0.1227808 0.7516013 0.1824291 0.3354474 0.1763309 0.9072497
1305031459.291690 -2.1386468 -0.1161627 0.8149706 0.2139691 0.2786291 0.2110870 0.9121542
1305031459.391667 -2.1710904 -0.0886017 0.8827934 0.2262924 0.3433864 0.2668253 0.8715972
1305031459.459679 -2.1897678 -0.0896392 0.9148668 0.2221306 0.4015352 0.3444967 0.8189930
1305031459.527594 -2.2222376 -0.0770118 0.9715522 0.2201850 0.4355758 0.4043548 0.7734919
1305031459.591695 -2.2635839 -0.1096606 1.0166365 0.2157994 0.4590536 0.4434178 0.7389730
1305031459.691604 -2.2888048 -0.1248397 1.0609429 0.2096713 0.4738652 0.4590043 0.7216681
1305031459.827664 -2.3307831 -0.2249337 1.1019264 0.1950203 0.4920985 0.4612827 0.7120565
1305031459.927607 -2.3422875 -0.2918831 1.1395607 0.1859952 0.4846819 0.4692936 0.7143198
1305031460.027565 -2.3416967 -0.3565915 1.1700337 0.1813884 0.4809231 0.4822258 0.7094149
1305031460.127690 -2.3418312 -0.4351573 1.1997943 0.1922027 0.4702272 0.4972298 0.7033541
1305031460.227761 -2.3175101 -0.4717418 1.2142304 0.2055307 0.4513109 0.5133764 0.7003716
1305031460.327512 -2.3003533 -0.5123700 1.2287495 0.2034865 0.4747683 0.5126070 0.6858734
1305031460.427477 -2.2792554 -0.5505261 1.2444251 0.1947299 0.4989542 0.5233533 0.6627415
1305031460.527570 -2.2625198 -0.5824705 1.2637863 0.1796268 0.5268279 0.5438911 0.6279882
1305031460.627625 -2.2393136 -0.6328409 1.2737112 0.1608005 0.5479302 0.5547965 0.6050757
1305031460.759667 -2.2102623 -0.6940762 1.3098269 0.1424341 0.5667709 0.5569969 0.5901167
1305031460.859714 -2.1827137 -0.7301025 1.3375230 0.1253307 0.5751511 0.5556441 0.5871567
1305031460.991668 -2.1249142 -0.7889664 1.3530583 0.1038355 0.5823129 0.5611452 0.5790043
1305031461.091728 -2.0895147 -0.8214923 1.3731649 0.1064415 0.5850345 0.5601287 0.5767674
1305031461.259642 -2.0230680 -0.8626598 1.3824232 0.1034336 0.5915188 0.5481453 0.5821888
1305031461.459781 -1.9629484 -0.8648010 1.3999401 0.0863414 0.5986215 0.5394301 0.5858435
1305031461.591690 -1.9431189 -0.8530376 1.3646053 0.0819054 0.6044939 0.5330665 0.5862753
1305031461.791612 -1.9589975 -0.7958390 1.3434042 0.0737810 0.6121604 0.5483186 0.5649449
1305031461.891723 -1.9877348 -0.7463689 1.3474689 0.0781792 0.6160358 0.5662885 0.5419458
1305031461.991590 -2.0259168 -0.6878151 1.3451918 0.0722063 0.6145139 0.5849864 0.5243567
1305031462.159646 -2.0528998 -0.6502197 1.3509303 0.0700078 0.5837237 0.6350399 0.5010886
1305031462.291629 -2.0816505 -0.6322291 1.3688920 0.0458866 0.5744828 0.6417823 0.5059441
1305031462.427635 -2.1151903 -0.6086280 1.4044394 0.0116641 0.5599950 0.6387364 0.5275277
1305031462.527670 -2.1578569 -0.5748494 1.4288132 -0.0019156 0.5390295 0.6324326 0.5563025
1305031462.759782 -2.2613356 -0.5413362 1.4130787 -0.0216613 0.5143241 0.5818601 0.6296351
1305031462.891847 -2.3368621 -0.4737746 1.3727540 -0.0218474 0.4971533 0.5594103 0.6628887
1305031463.127550 -2.4224527 -0.3877584 1.2653277 -0.0039227 0.4830561 0.5169734 0.7066681
1305031463.295737 -2.4721973 -0.3217438 1.1831756 0.0041341 0.4811621 0.4837173 0.7310839
1305031463.459756 -2.4793673 -0.2427433 1.1023630 0.0165195 0.4670607 0.4657741 0.7514226
1305031463.627588 -2.4670951 -0.1842753 0.9921467 0.0163972 0.4652692 0.4632323 0.7541031
1305031463.795647 -2.4580247 -0.1480811 0.8529348 0.0271820 0.4732517 0.4369738 0.7644266
1305031463.959680 -2.4360147 -0.1398421 0.7049333 0.0225360 0.4738650 0.3988254 0.7847818
1305031464.159817 -2.4366555 -0.1652789 0.5593712 0.0298433 0.4727241 0.3566317 0.8052672
1305031464.359684 -2.4338677 -0.1613667 0.4241713 0.0727068 0.4099685 0.3226861 0.8500078
1305031464.595698 -2.3782701 -0.1504371 0.1978766 0.0670755 0.3943522 0.2657258 0.8771415
1305031464.727652 -2.3788366 -0.1769794 0.1163478 0.0887860 0.4449840 0.1982174 0.8688016
1305031464.895817 -2.3454034 -0.1484692 0.0745823 0.1080282 0.4034256 0.1014137 0.9029358
1305031465.095700 -2.2141855 -0.0741921 0.0773405 0.1008099 0.3660923 -0.0120594 0.9250234
1305031465.227907 -2.0995650 -0.0180063 0.1018214 0.0419495 0.3135234 -0.0329739 0.9480802
1305031465.259807 -2.0736117 -0.0166138 0.1087046 0.0293309 0.3032057 -0.0309949 0.9519692
1305031465.495703 -1.8807803 0.1310473 0.0845719 0.0567666 0.1993513 0.0444906 0.9772702
1305031465.527622 -1.8529943 0.1345356 0.0749280 0.0547876 0.1877020 0.0484286 0.9795004
1305031465.859861 -1.6204629 0.4193566 -0.0530996 0.1498062 0.1227727 0.1038963 0.9755462
1305031466.027644 -1.5273522 0.5802794 -0.1038474 0.1818546 0.1480650 0.0994491 0.9670138
1305031466.195833 -1.4917015 0.7235568 -0.1546021 0.1646493 0.1263373 0.1066351 0.9723983
1305031466.327702 -1.4284630 0.7969502 -0.2459982 0.1464160 0.1239350 0.0784002 0.9782923
1305031466.627549 -1.2809474 0.9173568 -0.3902735 0.1168735 0.1264767 0.0549714 0.9835255
1305031466.859665 -1.1534883 0.9916568 -0.4751759 0.1150260 0.1160041 0.0149062 0.9864532
1305031467.128974 -1.0081527 1.0469029 -0.5609125 0.1193401 0.0611243 -0.0222765 0.9907197
1305031467.328008 -0.9146666 1.0865560 -0.6128678 0.1270724 0.0299458 -0.0601512 0.9896150
1305031467.527663 -0.8162349 1.1254777 -0.6723379 0.1081405 -0.0101411 -0.0853354 0.9904144
1305031467.727535 -0.7131988 1.1066602 -0.6945523 0.1217441 -0.0317921 -0.0922819 0.9877508
1305031467.959826 -0.6025580 1.0281944 -0.6427317 0.1565235 -0.0665969 -0.1073406 0.9795628
1305031468.159864 -0.5030033 0.9356742 -0.5597371 0.1629913 -0.0839357 -0.1253196 0.9750301
1305031468.359787 -0.3976904 0.7915759 -0.5084267 0.1571585 -0.0827776 -0.1217724 0.9765350
1305031468.595768 -0.3460616 0.6146774 -0.5048506 0.1428203 -0.0794452 -0.1398577 0.9765913
1305031468.829247 -0.3638606 0.4402904 -0.5025373 0.1470782 -0.1030733 -0.1626904 0.9701937
1305031469.127679 -0.3597470 0.3445257 -0.4423598 0.0580751 -0.0773109 -0.1873752 0.9775177
1305031469.459668 -0.3736475 0.2886581 -0.2963393 -0.0057895 -0.0009541 -0.2258585 0.9741425
1305031469.695613 -0.3743510 0.3506414 -0.1698470 -0.0442612 0.0102296 -0.2197335 0.9745017
1305031469.895755 -0.4070494 0.4476803 -0.0667863 -0.0736670 0.0161532 -0.1962142 0.9776565
1305031470.095944 -0.4917647 0.5522085 -0.0023476 -0.0816534 0.0107822 -0.1833509 0.9795913
1305031470.295718 -0.6003823 0.6371455 0.0239233 -0.1042104 0.0119564 -0.1634145 0.9809653
1305031470.495686 -0.6377372 0.7229554 -0.0071992 -0.1014579 -0.0151897 -0.1428031 0.9844201
1305031470.659690 -0.7361388 0.7501608 -0.0003594 -0.1102780 -0.0104689 -0.1318524 0.9850605
1305031470.859645 -0.8339378 0.7640721 0.0111429 -0.1085598 0.0011393 -0.1122853 0.9877275
1305031471.027644 -0.8924394 0.7220270 0.0088219 -0.0904005 -0.0105235 -0.0898666 0.9917868
1305031471.227569 -0.9579940 0.7206550 -0.0008447 -0.0480339 0.0021639 -0.0575997 0.9971812
1305031471.627621 -1.0401934 0.6933613 -0.0225509 -0.0384412 0.0397510 -0.0112372 0.9984066
1305031472.059668 -1.1010343 0.7160473 -0.0298617 -0.0620654 0.1073928 0.0563184 0.9906780
1305031472.295671 -1.1375381 0.7181112 -0.0183305 -0.0530024 0.1248028 0.0765383 0.9878041
1305031472.863598 -1.1110044 0.6626610 -0.0258698 -0.0224226 0.1198765 0.0854676 0.9888489
