1311867170.462290 0.0000000 0.0000000 0.0000000 -0.0000000 -0.0000000 -0.0000000 1.0000000
1311867170.994263 -0.0179054 -0.0189621 -0.0275825 0.0037756 -0.0162894 -0.0092266 0.9998176
1311867171.026274 -0.0178642 -0.0215510 -0.0296156 0.0042407 -0.0157305 -0.0108810 0.9998081
1311867171.262244 -0.0078514 -0.0230597 -0.0397159 0.0139316 -0.0186970 -0.0063963 0.9997077
1311867171.326387 -0.0049687 -0.0226570 -0.0414330 0.0106318 -0.0083942 -0.0133901 0.9998186
1311867178.530627 -0.3806567 0.0354731 -0.1086697 -0.0278800 -0.0782176 -0.0538073 0.9950927
1311867179.394849 -0.4096335 0.0356215 -0.1210719 -0.0167413 -0.0702360 -0.0568976 0.9957657
1311867181.394822 -0.3826355 0.0443497 -0.1183444 -0.0274119 -0.0838594 -0.0685411 0.9937395
1311867181.962919 -0.3548020 0.0393651 -0.1188313 -0.0251431 -0.0842047 -0.0590366 0.9943802
1311867182.297304 -0.3411206 0.0354432 -0.1153547 -0.0229542 -0.0855638 -0.0548182 0.9945586
1311867182.562970 -0.3303785 0.0299764 -0.1173953 -0.0159949 -0.0784641 -0.0598870 0.9949880
1311867182.896985 -0.3117265 0.0235273 -0.1205713 -0.0136535 -0.0727238 -0.0584965 0.9955416
1311867183.431155 -0.2885941 0.0194238 -0.1155652 -0.0157253 -0.0738912 -0.0636336 0.9951099
1311867184.465574 -0.2395867 0.0047577 -0.1034130 -0.0224313 -0.0707690 -0.0630530 0.9952452
1311867194.763586 0.3597216 -0.0831250 -0.0226252 -0.0487847 -0.0486030 -0.0573075 0.9959788
1311867195.399819 0.3475789 -0.0817937 -0.0225790 -0.0475374 -0.0512645 -0.0587749 0.9958201
1311867196.631994 0.2923271 -0.0774109 -0.0238177 -0.0498203 -0.0502075 -0.0561794 0.9959122
1311867196.967911 0.2739529 -0.0766046 -0.0226069 -0.0520421 -0.0509454 -0.0563505 0.9957514
1311867197.967946 0.2206464 -0.0710642 -0.0374741 -0.0521360 -0.0463860 -0.0661178 0.9953686
1311867209.501113 -0.0784715 -0.2796868 -0.0916426 0.0307295 -0.0746787 -0.0745082 0.9939454
1311867209.736573 -0.0822518 -0.2900241 -0.0947199 0.0324674 -0.0786810 -0.0727186 0.9937139
1311867210.536682 -0.0865661 -0.3016467 -0.1057680 0.0373304 -0.0714174 -0.0776135 0.9937214
1311867213.069051 -0.0710944 -0.2533209 -0.1274337 0.0519118 -0.0713735 -0.0654103 0.9939479
1311867213.301416 -0.0646632 -0.2468880 -0.1327763 0.0572591 -0.0695896 -0.0639437 0.9938762
1311867223.876077 -0.0110974 0.0979584 -0.1268177 -0.0507035 -0.0507474 -0.0592014 0.9956652
1311867225.079869 -0.0052200 0.1482589 -0.1363593 -0.0326027 -0.0359938 -0.0586794 0.9970949
1311867227.037802 -0.0200246 0.2189043 -0.1570210 -0.0125949 -0.0461216 -0.0548820 0.9973475
1311867228.205739 -0.0191828 0.2536307 -0.1524238 -0.0204799 -0.0412818 -0.0527125 0.9975459
1311867228.405817 -0.0175093 0.2591500 -0.1535477 -0.0188147 -0.0414148 -0.0531922 0.9975477
1311867228.873961 -0.0209051 0.2494743 -0.1576632 -0.0123708 -0.0411222 -0.0564245 0.9974830
1311867229.338430 -0.0228353 0.2272335 -0.1625046 -0.0042539 -0.0438361 -0.0480746 0.9978723
1311867230.905947 -0.0316471 0.1697477 -0.1831744 0.0174546 -0.0550582 -0.0445395 0.9973366
1311867231.105954 -0.0328602 0.1651989 -0.1842237 0.0140272 -0.0538986 -0.0457078 0.9974011
1311867231.774173 -0.0391207 0.1460083 -0.1894962 0.0181081 -0.0550183 -0.0423356 0.9974231
1311867233.974249 -0.0395788 0.0776856 -0.2020853 0.0341893 -0.0690778 -0.0473405 0.9959007
1311867245.542961 -0.0759318 -0.0041327 0.3008395 -0.0551427 -0.0331097 -0.0464777 0.9968464
1311867246.575204 -0.0898401 0.0032447 0.3492238 -0.0738507 -0.0262254 -0.0586137 0.9951999
1311867247.075192 -0.0929531 0.0006704 0.3565689 -0.0721858 -0.0220853 -0.0603653 0.9953178
1311867247.310969 -0.0958809 -0.0018984 0.3568901 -0.0715387 -0.0226392 -0.0586668 0.9954536
1311867247.575121 -0.0959594 -0.0067172 0.3477983 -0.0671402 -0.0273255 -0.0605583 0.9955291
1311867257.843575 -0.0256589 -0.0208821 -0.3426825 0.0050094 -0.0507738 -0.0586327 0.9969750
1311867258.414263 -0.0204861 -0.0260881 -0.3610082 0.0115996 -0.0499084 -0.0549105 0.9971758
1311867264.480074 0.0667105 0.0225900 -0.7814688 0.0806246 -0.0512450 -0.0642802 0.9933487
1311867264.712454 0.0695961 0.0235466 -0.7934892 0.0847646 -0.0608113 -0.0689753 0.9921489
1311867265.848187 0.0769609 0.0343604 -0.8363237 0.0985225 -0.0513222 -0.0525630 0.9924195
1311867266.480472 0.0750011 0.0365132 -0.8559486 0.1091139 -0.0557811 -0.0503655 0.9911841
1311867266.812282 0.0733295 0.0339032 -0.8637766 0.1177833 -0.0544381 -0.0528150 0.9901385
1311867268.180509 0.0620536 0.0238209 -0.8207904 0.0890311 -0.0433047 -0.0566878 0.9934710
1311867269.116536 0.0362111 0.0053152 -0.7599593 0.0757064 -0.0349451 -0.0571434 0.9948779
1311867269.916502 0.0132609 0.0026107 -0.7033452 0.0472766 -0.0300738 -0.0588678 0.9966921
1311867270.480611 0.0083557 -0.0115764 -0.6672215 0.0341106 -0.0227294 -0.0604633 0.9973285
1311867270.780573 0.0098411 -0.0183996 -0.6484421 0.0302590 -0.0231400 -0.0607151 0.9974280
1311867272.016678 0.0103174 -0.0558879 -0.5507129 0.0210455 -0.0385125 -0.0605872 0.9971976
1311867272.880537 0.0232928 -0.0796048 -0.4813840 0.0159368 -0.0488921 -0.0680280 0.9963573
1311867273.416830 0.0403349 -0.0808616 -0.4577948 0.0166575 -0.0589396 -0.0677194 0.9958227
1311867274.480661 0.0282359 -0.0974184 -0.3589281 -0.0003288 -0.0462066 -0.0679905 0.9966154
1311867280.384986 -0.0336610 -0.1301127 0.0873478 -0.0334587 -0.0373647 -0.0562980 0.9971534
1311867281.785115 -0.0227298 -0.1299616 0.1692130 -0.0766791 -0.0334486 -0.0596539 0.9947075
1311867283.449265 -0.0096286 -0.1343933 0.2218061 -0.0820999 -0.0454939 -0.0584620 0.9938673
1311867291.422316 -0.0170272 -0.1290582 0.2356820 -0.0743637 -0.0558466 -0.0649698 0.9935442
1311867292.257685 -0.0149890 -0.1287075 0.2351589 -0.0719495 -0.0545897 -0.0639703 0.9938567
1311867292.659508 -0.0155670 -0.1291984 0.2361791 -0.0724439 -0.0566983 -0.0647032 0.9936552
