1341847980.722988 0.0000000 0.0000000 0.0000000 -0.0000000 -0.0000000 -0.0000000 1.0000000
1341847981.358690 -0.0120406 0.0028222 -0.0034354 0.0033771 0.0055188 0.0039416 0.9999713
1341847981.390810 -0.0140958 0.0032742 -0.0033599 0.0036203 0.0059437 0.0050266 0.9999632
1341847981.658738 -0.0265265 0.0069445 -0.0098327 0.0062217 0.0093632 0.0058482 0.9999197
1341847982.934803 -0.1148502 0.0097557 -0.0098870 0.0084161 0.0482524 0.0224040 0.9985484
1341847984.106759 -0.2842990 0.0118551 -0.0155915 0.0048158 0.0829982 0.0323686 0.9960123
1341847984.306662 -0.3173532 0.0163096 -0.0072334 -0.0072006 0.0860772 0.0299895 0.9958110
1341847984.474640 -0.3387616 0.0165701 0.0091368 -0.0135921 0.0830309 0.0345713 0.9958544
1341847984.610792 -0.3564475 0.0121494 0.0285065 -0.0160634 0.0909439 0.0338390 0.9951513
1341847984.878779 -0.3823575 -0.0012293 0.0648513 -0.0023098 0.0906014 0.0419440 0.9950009
1341847986.182648 -0.4585129 -0.0940563 0.2390910 0.0085787 0.1811318 0.0934430 0.9789720
1341847986.493735 -0.4668950 -0.1160872 0.2806443 0.0158564 0.2091954 0.1061354 0.9719676
1341847986.861756 -0.4743835 -0.1402697 0.3355369 0.0100626 0.2312662 0.1311637 0.9639558
1341847988.401745 -0.5394795 -0.1749367 0.5224187 0.0318917 0.3308155 0.1710023 0.9275248
1341847988.669807 -0.5508573 -0.1767531 0.5384692 0.0228705 0.3395784 0.1761510 0.9236527
1341847988.806051 -0.5594143 -0.1789645 0.5442987 0.0224526 0.3431807 0.1847968 0.9206373
1341847988.937824 -0.5708151 -0.1826530 0.5467254 0.0177086 0.3513967 0.1887211 0.9168376
1341847989.902718 -0.6813616 -0.2284769 0.5650451 0.0073973 0.3724572 0.1674387 0.9127898
1341847990.207022 -0.7274613 -0.2376157 0.5672572 0.0166801 0.3734785 0.1739953 0.9110221
1341847990.339079 -0.7470324 -0.2419174 0.5678881 0.0161934 0.3714342 0.1750188 0.9116703
1341847990.506783 -0.7678136 -0.2446330 0.5719090 0.0136850 0.3704594 0.1772583 0.9116754
1341847990.642783 -0.7812270 -0.2470218 0.5752412 0.0107402 0.3737498 0.1847233 0.9088856
1341847990.774671 -0.7939616 -0.2496093 0.5799990 0.0118242 0.3763999 0.1983899 0.9048894
1341847991.078680 -0.8178546 -0.2584807 0.5921040 0.0115125 0.3950488 0.2045039 0.8955346
1341847991.446744 -0.8493957 -0.2744517 0.6179703 0.0159633 0.4086452 0.2254701 0.8842610
1341847991.846729 -0.8671129 -0.2947401 0.6369494 0.0150491 0.4464016 0.2533634 0.8580828
1341847992.350695 -0.9036365 -0.3214516 0.6722356 0.0132776 0.4863133 0.2582726 0.8346367
1341847992.518735 -0.9199513 -0.3315032 0.6857439 0.0174960 0.4974006 0.2709243 0.8239458
1341847992.686829 -0.9381974 -0.3399544 0.7003903 0.0153553 0.5044186 0.2760984 0.8179827
1341847992.886610 -0.9563125 -0.3485437 0.7166547 0.0121067 0.5126615 0.2780255 0.8122397
1341847993.422745 -0.9786404 -0.3766502 0.7679145 0.0123011 0.5402474 0.2894976 0.7900460
1341847993.590981 -0.9860986 -0.3857090 0.7886536 0.0161555 0.5464732 0.3023587 0.7808235
1341847993.790887 -0.9891127 -0.3977844 0.8133594 -0.0000322 0.5542641 0.3073126 0.7735310
1341847994.101772 -0.9933664 -0.4205670 0.8402424 -0.0065156 0.5686958 0.3076457 0.7628216
1341847994.301751 -1.0023236 -0.4347238 0.8565027 0.0062892 0.5820174 0.3104284 0.7515653
1341847994.433802 -1.0079627 -0.4467651 0.8717523 0.0141711 0.5907180 0.3123272 0.7438435
1341847994.569734 -1.0185988 -0.4565065 0.8883684 0.0212892 0.5963269 0.3170685 0.7371625
1341847994.701643 -1.0267782 -0.4649095 0.9058257 0.0182322 0.6014192 0.3240958 0.7300168
1341847995.030768 -1.0383793 -0.4834601 0.9443597 0.0042849 0.6196645 0.3417683 0.7065352
1341847995.198787 -1.0393105 -0.4923803 0.9595516 0.0089868 0.6345261 0.3454483 0.6913475
1341847995.402793 -1.0423945 -0.5041028 0.9771140 0.0102541 0.6456499 0.3486472 0.6793204
1341847995.566681 -1.0435654 -0.5127478 0.9951930 0.0164255 0.6482120 0.3555352 0.6731613
1341847996.106729 -1.0370908 -0.5317891 1.0298816 0.0108343 0.6631051 0.3731236 0.6488090
1341847996.270754 -1.0372622 -0.5366462 1.0368561 0.0117603 0.6746277 0.3727778 0.6370053
1341847996.642752 -1.0464053 -0.5476458 1.0610126 0.0176284 0.6905635 0.3822812 0.6137365
1341847997.311412 -1.0573195 -0.5817924 1.1379782 0.0097709 0.7078646 0.3893161 0.5892922
1341847997.478752 -1.0546740 -0.5939494 1.1518867 0.0103790 0.7185630 0.3860899 0.5783547
1341847997.646995 -1.0463048 -0.6060750 1.1683277 0.0062495 0.7305236 0.3820017 0.5660132
1341847997.814628 -1.0371718 -0.6193187 1.1891048 0.0124753 0.7396792 0.3754684 0.5583391
1341847997.982715 -1.0267425 -0.6316214 1.2094195 0.0208700 0.7422840 0.3850119 0.5480371
1341847998.154051 -1.0185351 -0.6437886 1.2298486 0.0260086 0.7401240 0.3909532 0.5465306
1341847998.318804 -1.0085702 -0.6558203 1.2471504 0.0199606 0.7381214 0.3884319 0.5512704
1341847998.484037 -1.0007935 -0.6663725 1.2691834 0.0103913 0.7338917 0.3863587 0.5585893
1341847998.650736 -0.9958625 -0.6765955 1.2932183 -0.0002505 0.7324965 0.3841164 0.5620528
1341847998.818756 -0.9893558 -0.6865523 1.3172431 -0.0013556 0.7343847 0.3872559 0.5574138
1341847998.986722 -0.9848552 -0.6953357 1.3435950 -0.0038652 0.7330735 0.3957702 0.5531313
1341847999.154891 -0.9810129 -0.7020850 1.3651159 -0.0081272 0.7330246 0.4023277 0.5483989
1341847999.354861 -0.9703496 -0.7129020 1.3833673 0.0052224 0.7468156 0.4048664 0.5275627
1341847999.522673 -0.9627924 -0.7199434 1.3978751 0.0137218 0.7635840 0.4064534 0.5015445
1341847999.691111 -0.9491259 -0.7255491 1.4091234 0.0218105 0.7752519 0.4121602 0.4781556
1341847999.858757 -0.9311243 -0.7280958 1.4186666 0.0268459 0.7856770 0.4178727 0.4553826
1341848000.227063 -0.8922575 -0.7245874 1.4297847 0.0194158 0.7936193 0.4571735 0.4009786
1341848000.362696 -0.8785483 -0.7221682 1.4313970 0.0159076 0.7939625 0.4674246 0.3884387
1341848000.530849 -0.8614698 -0.7192752 1.4331263 0.0135255 0.7977859 0.4716573 0.3753587
1341848000.695377 -0.8426706 -0.7195059 1.4339453 0.0161931 0.8064851 0.4694496 0.3590775
1341848000.862750 -0.8220544 -0.7221217 1.4361666 0.0249878 0.8150861 0.4683159 0.3401329
1341848001.030740 -0.8014671 -0.7247033 1.4405539 0.0308951 0.8196510 0.4699377 0.3261538
1341848001.205951 -0.7795244 -0.7249038 1.4456152 0.0335397 0.8241357 0.4708122 0.3130677
1341848001.366701 -0.7579730 -0.7211015 1.4485090 0.0195514 0.8336101 0.4678041 0.2930380
1341848001.534905 -0.7389378 -0.7149097 1.4461225 0.0107189 0.8427973 0.4692637 0.2633807
1341848001.870724 -0.7028816 -0.7040606 1.4346232 0.0089103 0.8597802 0.4680170 0.2041048
1341848002.070767 -0.6811293 -0.7017437 1.4261609 0.0164762 0.8622811 0.4743759 0.1765425
1341848002.238731 -0.6637138 -0.6977544 1.4203589 0.0188304 0.8644370 0.4765185 0.1591359
1341848002.406793 -0.6468076 -0.6900455 1.4165353 0.0119414 0.8641849 0.4837329 0.1380012
1341848002.574707 -0.6330081 -0.6829109 1.4134617 0.0067924 0.8628426 0.4901372 0.1233775
1341848002.774760 -0.6144948 -0.6711988 1.4127045 -0.0026671 0.8584220 0.4997264 0.1156643
1341848002.943323 -0.5950942 -0.6643706 1.4123870 0.0033574 0.8600914 0.4959587 0.1194000
1341848003.074988 -0.5806646 -0.6620676 1.4116094 0.0007320 0.8617074 0.4904309 0.1301439
1341848003.210749 -0.5659312 -0.6572863 1.4088631 -0.0095078 0.8620223 0.4889784 0.1331443
1341848003.342708 -0.5517945 -0.6542755 1.4098196 -0.0191699 0.8633907 0.4853324 0.1365339
1341848003.478703 -0.5351658 -0.6509339 1.4121085 -0.0253983 0.8636702 0.4793769 0.1537087
1341848003.617886 -0.5217068 -0.6457708 1.4104942 -0.0250857 0.8600342 0.4767283 0.1801165
1341848003.785807 -0.5040377 -0.6400836 1.4064466 -0.0314845 0.8568224 0.4715334 0.2062049
1341848003.921688 -0.4921307 -0.6339858 1.4015751 -0.0352687 0.8535898 0.4693380 0.2232989
1341848004.053778 -0.4804354 -0.6249399 1.3947753 -0.0342894 0.8506308 0.4681350 0.2368566
1341848004.189785 -0.4662964 -0.6186055 1.3856328 -0.0307359 0.8452549 0.4715086 0.2495581
1341848004.321820 -0.4535164 -0.6107881 1.3794138 -0.0350847 0.8383651 0.4718353 0.2707110
1341848004.457752 -0.4403025 -0.6007980 1.3779018 -0.0446971 0.8315078 0.4684092 0.2952793
1341848004.757723 -0.4176582 -0.5840391 1.3762786 -0.0577384 0.8100600 0.4788494 0.3334251
1341848004.889791 -0.4103035 -0.5803248 1.3751312 -0.0606272 0.8014079 0.4848620 0.3449328
1341848005.057739 -0.4036442 -0.5772209 1.3757960 -0.0640642 0.7937088 0.4848053 0.3617817
1341848005.693760 -0.3777834 -0.5750598 1.3873245 -0.0666262 0.7673939 0.4759241 0.4244569
1341848005.897793 -0.3690593 -0.5780721 1.3910617 -0.0629450 0.7612273 0.4682854 0.4441620
1341848006.065849 -0.3641822 -0.5794678 1.3958257 -0.0584203 0.7565386 0.4579680 0.4631433
1341848006.670119 -0.3391728 -0.5884132 1.4140627 -0.0353255 0.7451937 0.4339685 0.5050840
1341848006.870724 -0.3280828 -0.5973389 1.4222286 -0.0276875 0.7469053 0.4362269 0.5010709
1341848007.331423 -0.3146709 -0.6248192 1.4537838 -0.0119999 0.7673489 0.4489413 0.4576936
1341848007.566719 -0.3070713 -0.6409972 1.4723234 -0.0093383 0.7741725 0.4462721 0.4487883
1341848007.802889 -0.2952629 -0.6553156 1.4861745 -0.0055854 0.7845528 0.4575227 0.4184720
1341848008.438870 -0.2466693 -0.6821439 1.5242293 0.0036685 0.8039677 0.4950764 0.3294266
1341848008.674639 -0.2300475 -0.6947354 1.5352731 0.0148009 0.8085179 0.5056300 0.3006960
1341848008.906680 -0.2140660 -0.7043018 1.5436344 0.0115747 0.8155151 0.5073332 0.2782340
1341848009.110807 -0.2004273 -0.7083828 1.5529552 0.0071228 0.8207994 0.5094732 0.2582144
1341848009.342882 -0.1840156 -0.7092856 1.5625827 0.0052368 0.8277621 0.5205150 0.2093960
1341848009.542815 -0.1678896 -0.7076805 1.5690968 0.0029524 0.8287910 0.5275735 0.1864483
1341848009.746819 -0.1464352 -0.7057170 1.5725265 -0.0047431 0.8323499 0.5226889 0.1843026
1341848010.014819 -0.1200701 -0.6969289 1.5719705 -0.0029939 0.8335877 0.5195588 0.1875664
1341848010.246831 -0.0987592 -0.6846978 1.5538522 -0.0027146 0.8306933 0.5286734 0.1744871
1341848010.450872 -0.0857400 -0.6745719 1.5325755 0.0016595 0.8283362 0.5365981 0.1609934
1341848010.650956 -0.0755815 -0.6677697 1.5134892 0.0012167 0.8266025 0.5448220 0.1410525
1341848011.086749 -0.0687005 -0.6599398 1.4897681 0.0062020 0.8322772 0.5446455 0.1031379
1341848011.286627 -0.0641930 -0.6565109 1.4849681 0.0026220 0.8334633 0.5456895 0.0869197
1341848011.454654 -0.0599924 -0.6531886 1.4784901 0.0059676 0.8357382 0.5451477 0.0657274
1341848011.622723 -0.0562766 -0.6484190 1.4750906 0.0049247 0.8356811 0.5473595 0.0448368
1341848011.822705 -0.0554778 -0.6397160 1.4673568 0.0051849 0.8319430 0.5543501 0.0232370
1341848012.022737 -0.0566796 -0.6307272 1.4566549 0.0063278 0.8292522 0.5587797 0.0081206
1341848012.226750 -0.0572283 -0.6176023 1.4408903 0.0015298 0.8242747 0.5661298 0.0081197
1341848012.626774 -0.0540721 -0.5890033 1.4059808 -0.0303750 0.8136845 0.5791445 0.0398311
1341848012.794727 -0.0472777 -0.5798653 1.3977165 -0.0424454 0.8115790 0.5791790 0.0639506
1341848012.962752 -0.0460090 -0.5725768 1.3900213 -0.0585631 0.8115240 0.5725240 0.1010708
1341848013.298709 -0.0372450 -0.5622450 1.3906463 -0.0608553 0.8042712 0.5679314 0.1640074
1341848013.466959 -0.0305835 -0.5593690 1.3940133 -0.0687969 0.7927054 0.5716856 0.2001519
1341848013.634812 -0.0212046 -0.5591976 1.3987290 -0.0814675 0.7860770 0.5648695 0.2374200
1341848013.802717 -0.0135390 -0.5595177 1.4021096 -0.0840356 0.7860487 0.5473925 0.2746397
1341848014.002717 -0.0037339 -0.5580705 1.4053112 -0.0885224 0.7780990 0.5391790 0.3098577
1341848014.202658 0.0100935 -0.5544144 1.4086468 -0.1038261 0.7615887 0.5326360 0.3542621
1341848014.402830 0.0303180 -0.5527525 1.4159713 -0.1092293 0.7466944 0.5188087 0.4016888
1341848014.606858 0.0511630 -0.5544051 1.4306939 -0.1171853 0.7365521 0.4889531 0.4524196
1341848014.806669 0.0677506 -0.5549613 1.4366459 -0.1005125 0.7244406 0.4707600 0.4934248
1341848015.006657 0.0786797 -0.5547049 1.4410551 -0.0875028 0.7032224 0.4651882 0.5304917
1341848015.274780 0.0972643 -0.5463489 1.4470077 -0.1200687 0.6698332 0.4630284 0.5679011
1341848015.442783 0.1029204 -0.5422981 1.4459559 -0.1104431 0.6398804 0.4564167 0.6083084
1341848015.617769 0.1093993 -0.5405236 1.4465472 -0.1108967 0.6074331 0.4396821 0.6522320
1341848016.053936 0.1145598 -0.5448133 1.4491293 -0.0953171 0.5557233 0.3760855 0.7352863
1341848016.153821 0.1135134 -0.5469474 1.4485564 -0.0969109 0.5487295 0.3668570 0.7449297
1341848016.554210 0.1069633 -0.5526360 1.4545597 -0.0789239 0.5636437 0.3778397 0.7302835
1341848016.784104 0.0993067 -0.5628549 1.4636848 -0.0653079 0.5657547 0.3813334 0.7281768
1341848016.882757 0.0951680 -0.5677316 1.4703150 -0.0645583 0.5667124 0.3842762 0.7259484
1341848017.018678 0.0877380 -0.5737619 1.4792786 -0.0657742 0.5695177 0.3860693 0.7226852
1341848017.218765 0.0773458 -0.5847477 1.4889864 -0.0651994 0.5878097 0.3940157 0.7035485
1341848017.318695 0.0714071 -0.5884715 1.4952282 -0.0526265 0.6036817 0.3940997 0.6910024
1341848017.454792 0.0550247 -0.5990180 1.4942391 -0.0387179 0.6157240 0.3972353 0.6794034
1341848017.622714 0.0458902 -0.6064037 1.4977481 -0.0337936 0.6316764 0.3979058 0.6644651
1341848017.854726 0.0340787 -0.6157610 1.5029261 -0.0146276 0.6508844 0.3963234 0.6473509
1341848018.058766 0.0266573 -0.6214551 1.5088261 -0.0175617 0.6596026 0.3983149 0.6371509
1341848018.258766 0.0227234 -0.6281312 1.5173521 -0.0149871 0.6728684 0.4085776 0.6165128
1341848018.465663 0.0217185 -0.6378123 1.5326667 -0.0100077 0.6853974 0.4230664 0.5925751
1341848018.969688 0.0201335 -0.6723460 1.5846617 -0.0062071 0.7152781 0.4349315 0.5469673
1341848019.231114 0.0177252 -0.6914598 1.6054685 -0.0115610 0.7305114 0.4393883 0.5226448
1341848019.498756 0.0139625 -0.7120829 1.6388321 -0.0194151 0.7537758 0.4415744 0.4862687
1341848019.898833 0.0140305 -0.7412994 1.6904471 -0.0121061 0.7748850 0.4503254 0.4434114
1341848020.234873 0.0229702 -0.7549204 1.7158971 -0.0101290 0.7967514 0.4601048 0.3916480
1341848020.570790 0.0444939 -0.7706616 1.7414176 0.0003489 0.8247402 0.4580542 0.3316472
1341848020.807216 0.0608764 -0.7800863 1.7595787 0.0060250 0.8295913 0.4713827 0.2992330
1341848021.106691 0.0847120 -0.7919765 1.7748084 0.0064069 0.8369244 0.4762045 0.2697142
1341848021.414272 0.1151944 -0.8034840 1.7916014 0.0075907 0.8564096 0.4672886 0.2194228
1341848021.742811 0.1543787 -0.8174217 1.8144047 0.0080107 0.8708265 0.4613072 0.1696843
1341848022.078665 0.1978273 -0.8212774 1.8191468 -0.0017797 0.8795303 0.4581044 0.1287002
1341848022.387191 0.2369156 -0.8219847 1.8092159 0.0055645 0.8903769 0.4484944 0.0777865
1341848022.621801 0.2644034 -0.8268377 1.7960395 0.0105949 0.8968065 0.4403151 0.0418148
1341848022.882710 0.2890633 -0.8236498 1.7866681 -0.0114335 -0.8950195 -0.4458442 0.0056926
1341848023.150992 0.3227660 -0.8141279 1.7658304 0.0046423 -0.8835062 -0.4609927 0.0829518
1341848023.386908 0.3516678 -0.7989637 1.7608881 0.0133813 -0.8695828 -0.4760347 0.1305283
1341848023.622845 0.3724083 -0.7862302 1.7465951 0.0130420 -0.8619334 -0.4793655 0.1646495
1341848023.854825 0.3878667 -0.7766625 1.7267110 0.0137144 -0.8581373 -0.4732534 0.1986040
1341848024.090828 0.3988774 -0.7656273 1.6997901 -0.0001088 -0.8523803 -0.4669255 0.2354326
1341848024.358743 0.4074516 -0.7529776 1.6731353 -0.0074007 -0.8391865 -0.4721746 0.2697450
1341848024.594736 0.4177245 -0.7395965 1.6563283 -0.0045631 -0.8282637 -0.4751792 0.2969228
1341848024.862797 0.4381170 -0.7226511 1.6370040 -0.0054649 -0.8146722 -0.4760556 0.3311349
1341848025.131056 0.4675212 -0.7100149 1.6230557 -0.0148195 -0.8046900 -0.4713206 0.3607094
1341848025.398825 0.4933978 -0.6990201 1.6089858 -0.0212294 -0.7967283 -0.4664698 0.3836395
1341848025.630731 0.5083095 -0.6911486 1.5953529 -0.0169209 -0.7878838 -0.4671575 0.4008949
1341848025.866679 0.5206912 -0.6819459 1.5820217 -0.0189404 -0.7797925 -0.4644088 0.4193918
1341848026.102823 0.5343785 -0.6697905 1.5686803 -0.0281205 -0.7710827 -0.4581907 0.4412506
1341848026.371024 0.5492034 -0.6552641 1.5523710 -0.0464600 -0.7573828 -0.4545654 0.4664582
1341848026.641972 0.5643485 -0.6441376 1.5354944 -0.0465135 -0.7509237 -0.4446970 0.4859987
1341848026.878025 0.5834155 -0.6337828 1.5217762 -0.0429711 -0.7481691 -0.4453463 0.4899624
1341848027.138671 0.6155355 -0.6219218 1.5059619 -0.0429797 -0.7448898 -0.4445724 0.4956281
1341848027.306705 0.6381023 -0.6179324 1.5002160 -0.0425840 -0.7441487 -0.4365749 0.5038172
1341848027.506714 0.6645801 -0.6132370 1.4897485 -0.0399887 -0.7524165 -0.4243131 0.5022237
1341848027.711026 0.6849843 -0.6087042 1.4792475 -0.0361682 -0.7597566 -0.4216032 0.4936725
1341848027.911127 0.6993747 -0.5998944 1.4659619 -0.0306268 -0.7638664 -0.4257905 0.4840171
1341848028.150637 0.7112188 -0.5923773 1.4458404 -0.0263154 -0.7689086 -0.4265924 0.4755063
1341848028.347962 0.7181249 -0.5839080 1.4266106 -0.0262756 -0.7697944 -0.4190867 0.4807208
1341848028.546612 0.7273023 -0.5755687 1.4055933 -0.0318782 -0.7682353 -0.4127940 0.4882616
1341848028.782861 0.7414240 -0.5638030 1.3804462 -0.0344060 -0.7678811 -0.4116246 0.4896326
1341848028.982690 0.7519314 -0.5546215 1.3608837 -0.0381878 -0.7669837 -0.4145702 0.4882717
1341848029.182676 0.7599750 -0.5464753 1.3448256 -0.0334146 -0.7627338 -0.4192613 0.4912644
1341848029.418757 0.7736712 -0.5366543 1.3280604 -0.0277063 -0.7552003 -0.4214512 0.5012821
1341848029.822778 0.8113092 -0.5218536 1.3019923 -0.0317899 -0.7404579 -0.4050173 0.5354181
1341848030.022873 0.8300451 -0.5133938 1.2920626 -0.0358271 -0.7302058 -0.4005467 0.5523390
1341848030.222713 0.8429544 -0.5055176 1.2811060 -0.0357581 -0.7190520 -0.3997315 0.5673626
1341848030.390832 0.8508015 -0.4974570 1.2715039 -0.0354679 -0.7062248 -0.3996845 0.5833017
1341848030.590919 0.8585088 -0.4864570 1.2592127 -0.0353191 -0.6945960 -0.3970201 0.5988857
1341848030.758759 0.8646293 -0.4781525 1.2459899 -0.0406538 -0.6869491 -0.3863373 0.6141593
1341848030.926741 0.8731705 -0.4707363 1.2304876 -0.0498517 -0.6794884 -0.3694870 0.6318938
1341848031.094761 0.8838739 -0.4642109 1.2130883 -0.0553856 -0.6752090 -0.3525878 0.6455286
1341848031.394753 0.8977264 -0.4536981 1.1853143 -0.0650024 -0.6707913 -0.3457859 0.6528751
1341848031.562876 0.9046354 -0.4502918 1.1736623 -0.0591586 -0.6627968 -0.3433108 0.6628261
1341848031.730668 0.9110929 -0.4460974 1.1647910 -0.0557949 -0.6538277 -0.3376009 0.6748495
1341848032.098732 0.9366752 -0.4372199 1.1422300 -0.0505536 -0.6329860 -0.3169104 0.7045146
1341848032.302842 0.9493587 -0.4290766 1.1285787 -0.0495055 -0.6271821 -0.3150269 0.7105983
1341848032.434730 0.9581857 -0.4242350 1.1215577 -0.0461688 -0.6228417 -0.3108768 0.7164442
1341848032.770741 0.9769444 -0.4146961 1.0956663 -0.0379271 -0.6229241 -0.2992334 0.7217940
1341848032.902707 0.9809533 -0.4099548 1.0838436 -0.0391308 -0.6237648 -0.2970848 0.7218912
1341848033.206854 0.9830623 -0.3966523 1.0591916 -0.0398329 -0.6126474 -0.2870657 0.7353025
1341848033.542876 0.9847057 -0.3830619 1.0325038 -0.0423320 -0.5968061 -0.2802069 0.7506762
1341848033.710808 0.9857676 -0.3787793 1.0209260 -0.0471450 -0.5904604 -0.2739832 0.7576722
1341848034.042713 0.9907157 -0.3723859 1.0004455 -0.0372016 -0.5683537 -0.2564268 0.7809196
1341848034.210696 0.9964331 -0.3712231 0.9928819 -0.0325902 -0.5536841 -0.2387145 0.7971119
1341848034.421769 1.0064867 -0.3665979 0.9793093 -0.0345977 -0.5397627 -0.2214104 0.8114411
1341848034.585774 1.0156093 -0.3584192 0.9638610 -0.0333274 -0.5353281 -0.2201215 0.8147757
1341848034.782798 1.0262280 -0.3442620 0.9482964 -0.0393968 -0.5318183 -0.2226355 0.8161192
1341848034.951491 1.0313178 -0.3341053 0.9373670 -0.0401056 -0.5264687 -0.2247785 0.8189608
1341848035.118886 1.0334506 -0.3273129 0.9277304 -0.0424905 -0.5185854 -0.2258504 0.8235626
1341848035.654654 1.0282639 -0.3042862 0.8880695 -0.0488220 -0.5086728 -0.1984880 0.8363438
1341848035.854701 1.0218713 -0.2966977 0.8674114 -0.0573402 -0.4898987 -0.1871137 0.8495291
1341848036.054911 1.0180228 -0.2901160 0.8494818 -0.0671063 -0.4872364 -0.1722306 0.8534835
1341848036.223282 1.0136964 -0.2847388 0.8364395 -0.0681961 -0.4789431 -0.1730053 0.8579230
1341848036.858633 0.9970995 -0.2559824 0.7697793 -0.0487110 -0.4465244 -0.1481593 0.8810744
1341848037.061042 0.9919676 -0.2472244 0.7431551 -0.0396491 -0.4369581 -0.1380867 0.8879345
1341848037.295192 0.9877354 -0.2357743 0.7088767 -0.0114799 -0.4471247 -0.1248342 0.8856434
1341848037.494842 0.9796481 -0.2255363 0.6862779 -0.0014254 -0.4476912 -0.1278330 0.8850024
1341848037.698670 0.9688507 -0.2163578 0.6670589 0.0025397 -0.4380425 -0.1343291 0.8888578
1341848037.898921 0.9543520 -0.2051998 0.6506816 -0.0036621 -0.4231031 -0.1250788 0.8973994
1341848038.306525 0.9243981 -0.1847850 0.6200856 -0.0222841 -0.3848461 -0.1211477 0.9147241
1341848038.510185 0.9078503 -0.1794334 0.6030794 -0.0191059 -0.3722052 -0.1208079 0.9200563
1341848039.106775 0.8824458 -0.1454779 0.5365438 -0.0085677 -0.3439718 -0.1023140 0.9333498
1341848039.338889 0.8768622 -0.1327662 0.5121999 -0.0079267 -0.3328885 -0.0921541 0.9384189
1341848039.538659 0.8713992 -0.1236169 0.4988174 -0.0081033 -0.3228200 -0.0944002 0.9417060
1341848039.775334 0.8561652 -0.1134960 0.4835462 -0.0021433 -0.3123535 -0.0983225 0.9448616
1341848039.974815 0.8395525 -0.1041640 0.4693336 -0.0004843 -0.3014502 -0.0908075 0.9491478
1341848040.211029 0.8178182 -0.0935403 0.4520174 -0.0133887 -0.2824115 -0.0798547 0.9558702
1341848040.446720 0.7974188 -0.0875176 0.4374943 -0.0177339 -0.2653998 -0.0614577 0.9620143
1341848040.714653 0.7755274 -0.0890273 0.4249646 -0.0108069 -0.2455244 -0.0527358 0.9678946
1341848040.946862 0.7568091 -0.0840834 0.4119374 0.0016644 -0.2045071 -0.0404238 0.9780287
1341848041.189954 0.7418903 -0.0742760 0.4017956 -0.0127196 -0.1768690 -0.0094809 0.9841066
1341848041.418768 0.7193288 -0.0655285 0.3988045 -0.0208360 -0.1539040 0.0016471 0.9878647
1341848041.818704 0.6728047 -0.0644400 0.3992185 -0.0258081 -0.1160466 0.0194828 0.9927173
1341848042.054627 0.6440207 -0.0694395 0.3998513 -0.0235410 -0.1053854 0.0413560 0.9932922
1341848042.254762 0.6214350 -0.0736257 0.4037776 -0.0266098 -0.0892208 0.0499889 0.9944007
1341848042.622730 0.5748025 -0.0718447 0.4137481 -0.0369013 -0.0418309 0.0743032 0.9956744
1341848043.065737 0.5355469 -0.0655583 0.4119810 -0.0381855 0.0127559 0.1152366 0.9925219
1341848043.469625 0.4929019 -0.0703283 0.4238787 -0.0356854 0.0466701 0.1273354 0.9901183
1341848043.670144 0.4685800 -0.0767693 0.4348650 -0.0387090 0.0566848 0.1414995 0.9875557
1341848043.869697 0.4473421 -0.0849094 0.4491828 -0.0413322 0.0687328 0.1493461 0.9855269
1341848044.073762 0.4296870 -0.0917369 0.4612545 -0.0418171 0.0748151 0.1495676 0.9850298
1341848044.273822 0.4116595 -0.0988922 0.4731412 -0.0464848 0.0831586 0.1541975 0.9834363
1341848044.705966 0.3856466 -0.1069267 0.5018811 -0.0503974 0.1282854 0.1957082 0.9709281
1341848044.902692 0.3677978 -0.1115255 0.5114116 -0.0423844 0.1468296 0.2126243 0.9651091
1341848045.306816 0.3399680 -0.1194727 0.5350520 -0.0486849 0.1561767 0.2224451 0.9611227
1341848045.774776 0.3100086 -0.1377158 0.5807709 -0.0557425 0.1469940 0.2102900 0.9649165
1341848045.974768 0.2975401 -0.1434504 0.5997683 -0.0538292 0.1320809 0.1991288 0.9695385
1341848046.181848 0.2837014 -0.1444637 0.6145533 -0.0513395 0.1147602 0.1793098 0.9757266
1341848046.382309 0.2683322 -0.1443553 0.6240852 -0.0573561 0.1003055 0.1621505 0.9799777
1341848046.746888 0.2343656 -0.1395818 0.6227243 -0.0580245 0.0806890 0.1434104 0.9846603
1341848047.114997 0.1974507 -0.1279926 0.6079252 -0.0567761 0.0751283 0.1369434 0.9860927
1341848047.314815 0.1759496 -0.1250242 0.5989800 -0.0605658 0.0663166 0.1299149 0.9874493
1341848047.482648 0.1564107 -0.1237164 0.5896670 -0.0560014 0.0543212 0.1239445 0.9892173
1341848047.689728 0.1360987 -0.1242212 0.5815719 -0.0532453 0.0425700 0.1170822 0.9907798
1341848047.850811 0.1204340 -0.1241261 0.5781921 -0.0556039 0.0413517 0.1129408 0.9911824
1341848048.018897 0.1011106 -0.1279277 0.5765259 -0.0543982 0.0454052 0.1116487 0.9912183
1341848048.222966 0.0811223 -0.1300285 0.5747155 -0.0532623 0.0524939 0.1133454 0.9907373
1341848048.422649 0.0628513 -0.1333202 0.5705555 -0.0466236 0.0637090 0.1131909 0.9904318
1341848049.026707 0.0118154 -0.1464422 0.5530814 -0.0019057 0.0680648 0.1073492 0.9918870
1341848049.226742 -0.0086533 -0.1439566 0.5442834 0.0157590 0.0669350 0.0990645 0.9927022
1341848049.426763 -0.0254189 -0.1431121 0.5354633 0.0208089 0.0662664 0.0993169 0.9926288
1341848049.626829 -0.0478416 -0.1409351 0.5239800 0.0238602 0.0705516 0.1095234 0.9911901
1341848049.830816 -0.0777066 -0.1324562 0.5137479 0.0247122 0.0668261 0.1048117 0.9919366
1341848050.062661 -0.1017405 -0.1290725 0.5025592 0.0209130 0.0488095 0.0945168 0.9941061
1341848050.266732 -0.1220299 -0.1233389 0.4982865 0.0199382 0.0343548 0.0807721 0.9959409
1341848050.398693 -0.1369704 -0.1220143 0.4960074 0.0173955 0.0251234 0.0684430 0.9971870
1341848050.702846 -0.1663177 -0.1211580 0.4932607 0.0216557 -0.0014522 0.0442120 0.9987864
1341848050.902725 -0.1864389 -0.1226935 0.4917352 0.0215522 -0.0245202 0.0326020 0.9989352
1341848051.138713 -0.2066062 -0.1228895 0.4863797 0.0286060 -0.0453272 0.0177092 0.9984055
1341848051.538932 -0.2230342 -0.1266126 0.4822505 0.0490252 -0.0845302 -0.0088594 0.9951747
1341848051.738793 -0.2283801 -0.1221114 0.4757164 0.0657441 -0.1162184 -0.0424777 0.9901347
1341848051.942680 -0.2266507 -0.1156804 0.4686899 0.0734049 -0.1353115 -0.0805479 0.9847917
1341848052.042751 -0.2236515 -0.1131522 0.4671533 0.0684584 -0.1340492 -0.0911150 0.9843995
1341848052.275206 -0.2093999 -0.1048028 0.4529148 0.0655123 -0.1175530 -0.1158328 0.9841099
1341848052.512393 -0.1945243 -0.1013162 0.4446024 0.0621880 -0.1028300 -0.1265298 0.9846568
1341848052.646710 -0.1818649 -0.0960455 0.4369801 0.0652487 -0.0987991 -0.1409338 0.9829136
1341848052.778710 -0.1700011 -0.0873852 0.4248425 0.0643152 -0.0952219 -0.1415289 0.9832426
1341848053.082651 -0.1422102 -0.0829866 0.4058201 0.0619177 -0.0623221 -0.1378417 0.9865505
1341848053.247961 -0.1279336 -0.0819393 0.3979664 0.0599393 -0.0374989 -0.1261739 0.9894853
1341848053.421775 -0.1147674 -0.0773602 0.3859862 0.0630632 -0.0182932 -0.1073356 0.9920521
1341848053.589737 -0.1032667 -0.0696474 0.3784998 0.0556344 0.0032890 -0.0848606 0.9948330
1341848054.118853 -0.0941672 -0.0641631 0.3494785 0.0389106 0.0710174 0.0225268 0.9964613
1341848054.991052 -0.1159424 -0.0605481 0.2787376 0.0395520 0.1103089 0.0784857 0.9900039
1341848055.726774 -0.1619405 -0.0192176 0.1879795 0.0547068 0.1562833 0.1059361 0.9804899
1341848056.366737 -0.2401296 -0.0120164 0.1808263 0.0626209 0.1747106 0.1388537 0.9727665
1341848058.374887 -0.5547960 -0.0346129 0.2214017 0.0095789 0.1817599 0.1744944 0.9676897
1341848058.879577 -0.5989479 -0.0539216 0.2539299 0.0146943 0.2056412 0.2009633 0.9576584
1341848059.414736 -0.6086622 -0.0610892 0.2640823 0.0304122 0.2487734 0.2136435 0.9442157
1341848059.918755 -0.6184557 -0.0589579 0.2612968 0.0458643 0.2708503 0.2112248 0.9380409
1341848060.018660 -0.6198355 -0.0612419 0.2609486 0.0509702 0.2709207 0.2086175 0.9383404
1341848060.757863 -0.6090137 -0.0488434 0.2543619 0.0742522 0.2877765 0.1690080 0.9397381
1341848061.226804 -0.5778122 -0.0601443 0.2515298 0.0966516 0.2678987 0.1658377 0.9441327
1341848061.726726 -0.5515397 -0.0623007 0.2459548 0.1105023 0.2748314 0.1705534 0.9397705
1341848062.934962 -0.5031606 -0.0592598 0.2550710 0.0938477 0.2253611 0.1531087 0.9575817
1341848063.470742 -0.4534701 -0.0509255 0.2430234 0.0834182 0.2024971 0.1244239 0.9677578
1341848063.945802 -0.4125688 -0.0557822 0.2643530 0.0666782 0.1921108 0.1192339 0.9718183
1341848064.617693 -0.3141846 -0.0771231 0.2953747 0.0765866 0.1829475 0.1121363 0.9736992
1341848065.346776 -0.2396646 -0.0686742 0.2912267 0.0805500 0.1540005 0.1171457 0.9777896
1341848065.882795 -0.1980225 -0.0626246 0.2848926 0.0835198 0.1286848 0.0872710 0.9843010
1341848066.418820 -0.1587411 -0.0635912 0.2888663 0.0680656 0.0776038 0.0658185 0.9924781
1341848066.997936 -0.1013606 -0.0694101 0.3067961 0.0799540 0.0604344 0.0204571 0.9947545
1341848067.558770 -0.0679212 -0.0693354 0.3032255 0.0821072 0.0620720 0.0368193 0.9940069
