1341847980.722988 0.0000000 0.0000000 0.0000000 -0.0000000 -0.0000000 -0.0000000 1.0000000
1341847982.062739 -0.1096462 0.0407071 -0.0499229 0.0008527 0.0311967 0.0072121 0.9994869
1341847982.094786 -0.1100069 0.0439614 -0.0511784 0.0020905 0.0302153 0.0060697 0.9995228
1341847982.330655 -0.1248671 0.0341545 -0.0553430 0.0050212 0.0351542 0.0065737 0.9993477
1341847982.666620 -0.1467097 0.0349252 -0.0570694 0.0046257 0.0480277 0.0175197 0.9986817
1341847983.066707 -0.2276496 0.0323058 -0.0530201 0.0022623 0.0594293 0.0249830 0.9979173
1341847983.334718 -0.2730703 0.0222328 -0.0614689 -0.0063062 0.0572977 0.0253792 0.9980146
1341847983.702857 -0.3686481 0.0179301 -0.0862192 0.0015315 0.0691893 0.0257087 0.9972711
1341847983.906692 -0.4431725 0.0206973 -0.1115081 0.0103732 0.0663960 0.0337905 0.9971671
1341847984.106759 -0.4954502 0.0228369 -0.1261541 -0.0018892 0.0732565 0.0296531 0.9968705
1341847984.374794 -0.5954650 0.0281327 -0.1106338 -0.0189574 0.0738585 0.0282035 0.9966896
1341847984.674804 -0.6899330 0.0282000 -0.0153252 -0.0183825 0.0775567 0.0325955 0.9962854
1341847984.910613 -0.7325643 0.0124566 0.0510627 -0.0064278 0.0750104 0.0391059 0.9963949
1341847985.046612 -0.7535020 0.0050232 0.0725950 -0.0120064 0.0703641 0.0486851 0.9962602
1341847985.446854 -0.8029664 -0.0495641 0.2035388 -0.0092247 0.1025209 0.0536636 0.9932395
1341847985.582581 -0.8296151 -0.0763154 0.2554764 -0.0107286 0.1130968 0.0570048 0.9918894
1341847985.682842 -0.8428338 -0.0853333 0.2887210 -0.0034712 0.1191178 0.0626204 0.9908974
1341847986.218674 -0.9221836 -0.1831470 0.4600659 0.0123727 0.1626468 0.0890687 0.9825781
1341847986.922699 -0.9671034 -0.2983720 0.7005203 0.0078183 0.2068168 0.1317731 0.9694336
1341847987.054629 -0.9776525 -0.3148744 0.7488639 0.0034775 0.2145134 0.1396525 0.9666795
1341847987.190716 -0.9844090 -0.3392709 0.7875021 -0.0060781 0.2290893 0.1379082 0.9635676
1341847987.322780 -0.9948272 -0.3544475 0.8316284 -0.0095518 0.2470544 0.1389164 0.9589449
1341847987.458620 -1.0103016 -0.3591543 0.8752522 0.0028311 0.2714053 0.1334086 0.9531701
1341847987.590776 -1.0310471 -0.3615172 0.9106116 0.0128212 0.2865498 0.1414719 0.9474759
1341847987.758741 -1.0566430 -0.3572210 0.9578704 0.0173049 0.2935731 0.1567373 0.9428408
1341847987.933722 -1.0848328 -0.3617433 1.0169988 0.0224919 0.2935182 0.1687725 0.9406684
1341847988.098165 -1.1110079 -0.3782353 1.0587611 0.0308642 0.2986344 0.1525555 0.9415901
1341847988.265702 -1.1279154 -0.3821656 1.0939401 0.0320975 0.3010845 0.1552035 0.9403349
1341847988.401745 -1.1428435 -0.3765565 1.1141173 0.0326022 0.3017698 0.1662791 0.9382022
1341847988.569700 -1.1653212 -0.3815155 1.1426979 0.0300380 0.3060921 0.1741728 0.9354513
1341847988.737940 -1.1849775 -0.3827464 1.1617582 0.0220145 0.3132376 0.1743753 0.9332689
1341847988.873917 -1.2070915 -0.3928272 1.1709743 0.0191735 0.3183349 0.1824582 0.9300561
1341847988.998737 -1.2441728 -0.4019420 1.1809362 0.0166865 0.3255565 0.1905360 0.9259755
1341847989.134676 -1.2802999 -0.4195342 1.1894256 0.0163072 0.3276768 0.1921666 0.9248968
1341847989.234728 -1.3118005 -0.4285952 1.1910498 0.0253288 0.3227326 0.1935628 0.9261402
1341847989.402777 -1.3671113 -0.4589401 1.1923057 0.0152900 0.3198326 0.1721169 0.9315842
1341847989.570705 -1.4124410 -0.4785552 1.1989392 0.0136607 0.3214825 0.1686798 0.9316703
1341847989.702606 -1.4310185 -0.4814003 1.1970366 0.0143393 0.3287636 0.1660047 0.9295974
1341847989.870960 -1.4814185 -0.5020762 1.2105099 0.0073443 0.3416197 0.1627173 0.9256161
1341847990.006923 -1.5297978 -0.5079733 1.2090892 0.0128291 0.3437999 0.1675130 0.9238920
1341847990.171055 -1.5846398 -0.5173218 1.2171731 0.0173345 0.3479098 0.1689285 0.9220203
1341847990.374663 -1.6478008 -0.5275101 1.2208132 0.0202475 0.3438623 0.1710128 0.9230945
1341847990.574711 -1.6959296 -0.5266798 1.2310239 0.0183175 0.3422745 0.1803644 0.9219443
1341847990.742712 -1.7423623 -0.5320448 1.2412351 0.0177316 0.3485390 0.1922241 0.9172002
1341847990.942685 -1.7695844 -0.5353356 1.2370826 0.0183924 0.3540982 0.1994776 0.9135015
1341847991.111319 -1.7869143 -0.5397511 1.2412220 0.0234166 0.3597622 0.2060774 0.9097005
1341847991.278726 -1.8234500 -0.5604749 1.2782776 0.0246869 0.3724270 0.2082878 0.9040492
1341847991.346722 -1.8417344 -0.5628623 1.2816613 0.0310144 0.3719507 0.2156623 0.9023196
1341847991.546725 -1.8698578 -0.5778408 1.3088658 0.0251131 0.3768019 0.2330215 0.8961533
1341847991.746823 -1.8875897 -0.5815750 1.3076503 0.0331347 0.3922950 0.2539805 0.8834594
1341847991.950761 -1.9049692 -0.6010222 1.3203758 0.0337406 0.4083548 0.2566677 0.8753455
1341847992.150789 -1.9127115 -0.6074458 1.3243064 0.0330957 0.4132569 0.2526815 0.8742285
1341847992.350695 -1.9666158 -0.6347913 1.3778005 0.0340761 0.4360155 0.2587657 0.8612605
1341847992.550596 -2.0263352 -0.6661676 1.4267442 0.0386194 0.4535457 0.2738874 0.8472252
1341847992.686829 -2.0538936 -0.6778164 1.4535553 0.0352627 0.4601506 0.2771334 0.8427426
1341847992.854856 -2.0950959 -0.6921783 1.4907440 0.0355540 0.4681845 0.2783901 0.8378772
1341847992.922713 -2.1017694 -0.6969159 1.5001810 0.0331498 0.4681759 0.2799974 0.8374448
1341847993.086751 -2.1253729 -0.7092507 1.5150864 0.0324523 0.4694484 0.2833323 0.8356362
1341847993.222703 -2.1422291 -0.7173254 1.5349591 0.0333061 0.4754969 0.2851075 0.8315691
1341847993.354702 -2.1467574 -0.7320776 1.5677321 0.0389646 0.4853897 0.2908440 0.8235827
1341847993.522707 -2.1644526 -0.7456102 1.5945041 0.0447416 0.4892379 0.2995985 0.8178540
1341847993.658928 -2.1808615 -0.7676113 1.6305908 0.0380361 0.4887533 0.3107654 0.8143085
1341847993.858891 -2.1922824 -0.7969828 1.6725881 0.0251776 0.4939781 0.3109139 0.8115937
1341847994.065706 -2.1989534 -0.8256311 1.6985006 0.0220525 0.5048138 0.3091943 0.8056523
1341847994.233618 -2.2102194 -0.8479569 1.7230133 0.0340947 0.5148935 0.3153316 0.7964221
1341847994.469690 -2.2431505 -0.8899555 1.7605078 0.0455754 0.5258149 0.3192718 0.7870878
1341847994.669750 -2.2761149 -0.9204121 1.8023152 0.0485047 0.5313569 0.3312205 0.7782032
1341847994.898727 -2.3110695 -0.9539583 1.8549874 0.0355218 0.5402255 0.3447912 0.7668205
1341847995.098711 -2.3222642 -0.9772301 1.8851365 0.0331854 0.5536777 0.3537924 0.7531073
1341847995.334686 -2.3417525 -1.0046768 1.9211576 0.0392139 0.5698728 0.3603711 0.7374551
1341847995.534752 -2.3379283 -1.0250309 1.9641955 0.0399520 0.5763738 0.3634509 0.7308219
1341847995.770704 -2.3379679 -1.0480610 2.0081675 0.0375619 0.5735193 0.3840919 0.7225913
1341847996.170714 -2.3383956 -1.0754629 2.0390985 0.0386661 0.5942045 0.3870942 0.7039774
1341847996.438632 -2.3518965 -1.0905538 2.0644562 0.0396658 0.6096246 0.3932441 0.6871270
1341847996.674774 -2.3681922 -1.1088014 2.0995913 0.0380939 0.6160477 0.4021686 0.6762355
1341847996.806787 -2.3771551 -1.1148646 2.1115134 0.0285391 0.6245765 0.4073101 0.6657239
1341847996.974782 -2.3904343 -1.1388862 2.1477497 0.0346252 0.6273983 0.4143714 0.6583835
1341847997.142993 -2.4103987 -1.1672080 2.1869099 0.0371778 0.6301711 0.4117987 0.6572094
1341847997.311412 -2.4252913 -1.1887788 2.2179418 0.0341050 0.6301391 0.4096430 0.6587520
1341847997.478752 -2.4201937 -1.2115376 2.2437270 0.0355284 0.6418217 0.4076127 0.6485788
1341847997.646995 -2.4112692 -1.2385170 2.2715964 0.0322686 0.6537936 0.4044127 0.6387198
1341847997.814628 -2.3980038 -1.2652283 2.3129652 0.0392180 0.6629612 0.3984276 0.6326135
1341847997.946999 -2.3901045 -1.2826313 2.3502786 0.0472342 0.6658420 0.4066894 0.6237203
1341847998.122275 -2.3762271 -1.3079598 2.3794479 0.0536482 0.6613086 0.4147783 0.6226972
1341847998.253760 -2.3675125 -1.3305794 2.4118164 0.0482070 0.6599123 0.4141743 0.6250212
1341847998.419237 -2.3602402 -1.3624523 2.4496837 0.0434545 0.6553354 0.4101534 0.6327887
1341847998.550746 -2.3538597 -1.3733103 2.4731932 0.0350817 0.6499904 0.4073288 0.6405974
1341847998.718741 -2.3506753 -1.4031972 2.5213993 0.0281399 0.6501739 0.4069916 0.6409680
1341847998.854711 -2.3578553 -1.4201634 2.5539308 0.0268552 0.6516517 0.4083275 0.6386685
1341847998.986722 -2.3639097 -1.4397174 2.5845091 0.0256134 0.6464872 0.4183869 0.6374565
1341847999.122718 -2.3689582 -1.4581118 2.6144016 0.0213190 0.6441591 0.4242390 0.6361021
1341847999.290995 -2.3590093 -1.4761366 2.6431043 0.0247350 0.6578875 0.4262314 0.6204023
1341847999.423935 -2.3589749 -1.4914167 2.6655872 0.0363644 0.6646538 0.4315774 0.6088136
1341847999.590686 -2.3451989 -1.5054522 2.6887343 0.0469748 0.6806737 0.4406670 0.5833432
1341847999.758778 -2.3123126 -1.5196707 2.7096426 0.0484468 0.6930039 0.4479545 0.5627925
1341847999.927117 -2.2842042 -1.5310092 2.7400198 0.0537403 0.7032705 0.4630650 0.5367434
1341848000.094780 -2.2517316 -1.5274230 2.7572627 0.0485270 0.7072617 0.4826101 0.5143087
1341848000.266975 -2.2174535 -1.5296407 2.7725210 0.0365179 0.7118015 0.4972331 0.4947367
1341848000.426772 -2.1866198 -1.5262938 2.7880745 0.0329434 0.7143511 0.5069857 0.4812305
1341848000.630641 -2.1463289 -1.5267155 2.7953701 0.0312364 0.7217837 0.5093575 0.4675548
1341848000.798741 -2.1121149 -1.5342729 2.8069739 0.0378275 0.7328361 0.5096740 0.4491690
1341848000.963197 -2.0741200 -1.5431658 2.8211310 0.0459677 0.7392263 0.5126100 0.4343531
1341848001.130714 -2.0356891 -1.5508943 2.8359942 0.0521338 0.7432619 0.5160437 0.4225432
1341848001.334803 -1.9953765 -1.5517044 2.8587387 0.0406902 0.7556675 0.5136878 0.4042719
1341848001.502686 -1.9625320 -1.5383024 2.8619657 0.0297843 0.7671363 0.5155061 0.3806153
1341848001.666646 -1.9316338 -1.5268497 2.8626769 0.0270511 0.7822855 0.5147025 0.3498271
1341848001.802763 -1.9163246 -1.5490375 2.8599622 0.0243064 0.7880432 0.5162926 0.3344237
1341848001.902749 -1.8889561 -1.5456319 2.8624890 0.0198417 0.7932070 0.5167958 0.3214827
1341848002.102720 -1.8496349 -1.5458317 2.8547585 0.0282051 0.7963676 0.5253140 0.2984097
1341848002.270763 -1.8190786 -1.5254986 2.8495371 0.0270717 0.8000093 0.5251130 0.2889785
1341848002.438766 -1.7961828 -1.5020080 2.8352036 0.0250734 0.7985085 0.5330473 0.2785967
1341848002.574707 -1.7606230 -1.4888613 2.8406248 0.0182491 0.7978907 0.5403644 0.2665405
1341848002.606780 -1.7407414 -1.4933290 2.8387270 0.0134746 0.7968916 0.5425816 0.2653064
1341848002.674651 -1.7612388 -1.4729550 2.8295875 0.0172317 0.7928354 0.5458543 0.2704776
1341848002.806780 -1.6868262 -1.4622300 2.8428633 0.0037250 0.7907490 0.5520877 0.2643886
1341848002.906656 -1.6843767 -1.4507141 2.8480814 0.0133565 0.7904236 0.5499051 0.2695487
1341848003.074988 -1.6712365 -1.4298055 2.8468673 0.0253467 0.7869776 0.5403330 0.2967559
1341848003.210749 -1.6539025 -1.4200470 2.8530161 0.0213112 0.7864534 0.5360307 0.3061175
1341848003.410779 -1.6044770 -1.3894253 2.8544717 0.0141978 0.7850925 0.5229287 0.3316229
1341848003.546854 -1.5902110 -1.3898054 2.8720484 0.0201932 0.7767295 0.5191281 0.3560755
1341848003.785807 -1.5398276 -1.3784808 2.8882966 0.0284616 0.7673200 0.5048921 0.3943274
1341848003.885751 -1.5071013 -1.3691131 2.8950989 0.0282815 0.7650878 0.5016609 0.4027121
1341848004.121698 -1.3864090 -1.3339596 2.8811252 0.0332577 0.7561305 0.4990731 0.4220032
1341848004.289843 -1.2893467 -1.3093724 2.8739436 0.0318362 0.7475417 0.4969611 0.4395424
1341848004.457752 -1.1957154 -1.2818054 2.8907561 0.0233733 0.7348416 0.4896843 0.4686905
1341848004.657882 -1.1106219 -1.2558932 2.9167616 0.0145245 0.7176469 0.4914794 0.4931735
1341848005.125700 -0.9868808 -1.2360303 2.9777451 0.0003999 0.6898390 0.4904574 0.5325162
1341848005.493689 -0.9342868 -1.2140601 3.0352333 0.0087574 0.6727372 0.4759799 0.5663843
1341848005.829917 -0.8750353 -1.2298391 3.0822766 0.0125780 0.6582786 0.4597177 0.5959620
1341848005.997804 -0.8506420 -1.2422762 3.0971067 0.0163546 0.6505710 0.4518936 0.6101494
1341848006.133683 -0.8364949 -1.2549824 3.1061602 0.0256761 0.6467440 0.4389173 0.6232291
1341848006.301762 -0.8245254 -1.2709694 3.1278028 0.0416992 0.6413357 0.4272805 0.6359096
1341848006.469715 -0.8075123 -1.2855374 3.1571000 0.0461483 0.6339765 0.4198602 0.6478128
1341848006.637780 -0.7795782 -1.3124135 3.1807332 0.0480149 0.6297830 0.4195501 0.6519552
1341848006.837619 -0.7626855 -1.3517580 3.2260995 0.0535226 0.6315538 0.4184286 0.6505325
1341848007.005802 -0.7546134 -1.3983386 3.2612057 0.0621986 0.6394140 0.4204797 0.6406855
1341848007.205747 -0.7640724 -1.4546534 3.3088207 0.0651239 0.6506507 0.4328622 0.6205184
1341848007.398700 -0.7743444 -1.5295864 3.3596332 0.0690856 0.6571321 0.4401807 0.6079848
1341848007.534834 -0.7778535 -1.5811043 3.3933449 0.0709906 0.6601808 0.4428108 0.6025283
1341848007.702797 -0.7774830 -1.6270400 3.4378626 0.0722302 0.6659726 0.4542154 0.5873258
1341848007.834962 -0.7585468 -1.6649513 3.4629292 0.0750061 0.6739202 0.4612260 0.5722554
1341848007.934851 -0.7436252 -1.7011271 3.4837627 0.0716005 0.6814288 0.4722084 0.5545695
1341848008.103209 -0.7279625 -1.7453363 3.5374353 0.0766781 0.6880512 0.4828919 0.5362104
1341848008.238657 -0.7020168 -1.7929211 3.5817001 0.0752544 0.6944915 0.4929434 0.5186763
1341848008.338769 -0.6792107 -1.8145742 3.6033225 0.0739127 0.6954473 0.5032789 0.5075436
1341848008.470807 -0.6542473 -1.8576663 3.6414416 0.0737778 0.7002817 0.5115455 0.4924262
1341848008.606698 -0.6303844 -1.9022864 3.6714289 0.0782775 0.7034957 0.5220861 0.4758072
1341848008.775071 -0.6025114 -1.9545996 3.6977429 0.0789136 0.7099104 0.5276322 0.4597871
1341848008.943051 -0.5790248 -1.9902285 3.7306979 0.0750068 0.7178068 0.5301027 0.4451051
1341848009.142732 -0.5358229 -2.0359983 3.7849846 0.0667594 0.7274522 0.5335575 0.4262310
1341848009.242869 -0.5124145 -2.0617056 3.8035781 0.0664288 0.7314608 0.5452104 0.4041016
1341848009.410753 -0.4787183 -2.0753531 3.8394573 0.0616828 0.7373407 0.5592248 0.3738870
1341848009.610955 -0.4077601 -2.1086247 3.8818967 0.0538000 0.7402939 0.5662326 0.3584011
1341848009.746819 -0.3529263 -2.1264875 3.9012718 0.0503573 0.7440103 0.5609953 0.3594401
1341848009.914782 -0.2850595 -2.1245165 3.9330587 0.0521751 0.7447557 0.5593535 0.3601950
1341848010.082650 -0.2048883 -2.1133778 3.9292884 0.0519302 0.7444981 0.5598605 0.3599751
1341848010.246831 -0.1169848 -2.0900643 3.8972569 0.0496430 0.7433963 0.5680638 0.3495725
1341848010.414692 -0.0327411 -2.0728242 3.8501720 0.0502865 0.7422456 0.5778257 0.3356488
1341848010.582861 0.0320792 -2.0558360 3.7982903 0.0474661 0.7428208 0.5862201 0.3198597
1341848010.782711 0.0772219 -2.0356498 3.7359021 0.0434751 0.7436649 0.5946394 0.3024506
1341848010.986761 0.1131263 -2.0235083 3.7122679 0.0444266 0.7526025 0.5940704 0.2805284
1341848011.219095 0.1362472 -2.0061886 3.6944888 0.0444697 0.7545483 0.5981515 0.2662593
1341848011.486754 0.1783574 -1.9848897 3.6753695 0.0429455 0.7638087 0.5995182 0.2352229
1341848011.722610 0.2041712 -1.9485676 3.6603575 0.0406662 0.7650567 0.6068472 0.2115917
1341848011.922914 0.2261510 -1.9005947 3.6299140 0.0414032 0.7637768 0.6159143 0.1886275
1341848012.126859 0.2434938 -1.8362501 3.5875404 0.0335906 0.7639179 0.6185233 0.1809143
1341848012.295247 0.2738364 -1.7798266 3.5577171 0.0281287 0.7611005 0.6201040 0.1881644
1341848012.494697 0.3151789 -1.7073865 3.5001767 0.0102143 0.7569962 0.6213399 0.2019635
1341848012.695339 0.3618348 -1.6466880 3.4591107 -0.0018950 0.7551515 0.6168723 0.2218363
1341848012.894740 0.4069662 -1.6064613 3.4357836 -0.0172331 0.7530998 0.6033821 0.2616750
1341848013.130817 0.4375253 -1.5670314 3.4289014 -0.0269646 0.7490575 0.5878384 0.3043551
1341848013.398748 0.4630656 -1.5477314 3.4505930 -0.0221719 0.7294112 0.5829416 0.3572769
1341848013.634812 0.5036187 -1.5411438 3.4773147 -0.0294421 0.7092211 0.5722523 0.4106895
1341848013.866791 0.5298762 -1.5433904 3.4960318 -0.0248290 0.7029303 0.5458964 0.4552688
1341848014.134725 0.5941453 -1.5417086 3.5421331 -0.0330319 0.6892728 0.5263270 0.4967816
1341848014.302738 0.6353517 -1.5356631 3.5675783 -0.0332533 0.6851265 0.5196884 0.5093328
1341848014.506633 0.7062292 -1.5471873 3.6013713 -0.0285000 0.6724117 0.4989670 0.5459691
1341848014.538728 0.7082000 -1.5469458 3.6027479 -0.0277558 0.6725101 0.4960315 0.5485550
1341848014.738691 0.7583647 -1.5924869 3.6395516 -0.0137825 0.6790160 0.4776518 0.5573115
1341848014.974705 0.8166952 -1.6233375 3.6766281 0.0138716 0.6724805 0.4731895 0.5689193
1341848015.243495 0.8905501 -1.5985574 3.6985152 -0.0165740 0.6447914 0.4693510 0.6030581
1341848015.410655 0.9254370 -1.5880792 3.7242713 -0.0090971 0.6441093 0.4684346 0.6046565
1341848015.542834 0.9460583 -1.5830714 3.7258589 -0.0070910 0.6261280 0.4549756 0.6331751
1341848015.650094 0.9661949 -1.5822680 3.7334466 -0.0121048 0.6140461 0.4406344 0.6547078
1341848015.718057 0.9714971 -1.5762248 3.7416530 -0.0085832 0.6142617 0.4337623 0.6591353
1341848015.917793 0.9703496 -1.5863043 3.7424815 -0.0015138 0.5969856 0.4013855 0.6946191
1341848016.153821 0.9653189 -1.5911664 3.7440434 0.0086638 0.5848769 0.3683602 0.7226028
1341848016.521813 0.9488988 -1.6100111 3.7500441 0.0181910 0.5908930 0.3787809 0.7120671
1341848016.621860 0.9425085 -1.6186448 3.7550385 0.0287320 0.5909155 0.3826979 0.7096025
1341848016.689891 0.9363909 -1.6223624 3.7563615 0.0404799 0.5885103 0.3898098 0.7071530
1341848016.757848 0.9439249 -1.6179036 3.7610984 0.0418704 0.5859939 0.3860621 0.7112060
1341848016.818817 0.9238527 -1.6356276 3.7658229 0.0428835 0.5862903 0.3890614 0.7092644
1341848016.882757 0.9111059 -1.6458043 3.7679718 0.0423781 0.5817906 0.3882031 0.7134579
1341848016.950706 0.9169617 -1.6448793 3.7710450 0.0424733 0.5771295 0.3918997 0.7152147
1341848017.018678 0.9047959 -1.6572100 3.7771573 0.0400953 0.5769156 0.3942973 0.7142062
1341848017.086845 0.8950961 -1.6647272 3.7834356 0.0403793 0.5785012 0.3976310 0.7110524
1341848017.186855 0.8825719 -1.6767422 3.7868378 0.0410343 0.5847341 0.4052303 0.7015631
1341848017.254693 0.8586681 -1.6941427 3.7897089 0.0459007 0.5916928 0.4085066 0.6934804
1341848017.318695 0.8549116 -1.6993957 3.7983289 0.0524210 0.5989348 0.4093335 0.6862764
1341848017.386825 0.8309467 -1.7161186 3.7983556 0.0603077 0.6089504 0.4144503 0.6736270
1341848017.522694 0.8089213 -1.7341779 3.7967615 0.0660538 0.6164416 0.4217432 0.6616414
1341848017.554797 0.8110898 -1.7321856 3.7977242 0.0660670 0.6202126 0.4223797 0.6576982
1341848017.654814 0.8019614 -1.7400029 3.8000045 0.0695523 0.6280634 0.4260364 0.6474503
1341848017.686820 0.7961106 -1.7457449 3.8012640 0.0727045 0.6315892 0.4239077 0.6450670
1341848017.790699 0.7824168 -1.7549636 3.8025932 0.0843542 0.6379756 0.4262479 0.6357549
1341848017.890737 0.7616735 -1.7666659 3.8066652 0.0908632 0.6424570 0.4271829 0.6296885
1341848017.990683 0.7477660 -1.7769253 3.8033156 0.0860099 0.6428622 0.4268304 0.6301954
1341848018.090894 0.7475924 -1.7779429 3.8069255 0.0829963 0.6475855 0.4317848 0.6223396
1341848018.226660 0.7402892 -1.7848177 3.8082714 0.0841911 0.6520140 0.4428242 0.6096690
1341848018.290747 0.7318478 -1.7939875 3.8110461 0.0867019 0.6530635 0.4478788 0.6044795
1341848018.367205 0.7334814 -1.7967942 3.8131955 0.0838001 0.6568154 0.4492969 0.5997528
1341848018.465663 0.7308617 -1.8027421 3.8226309 0.0937757 0.6573734 0.4620630 0.5878471
1341848018.534507 0.7268424 -1.8098290 3.8303452 0.0958318 0.6626595 0.4668042 0.5777478
1341848018.601739 0.7125282 -1.8245356 3.8386862 0.0981511 0.6666675 0.4724646 0.5680652
1341848018.701756 0.7044911 -1.8334485 3.8583007 0.1025179 0.6740236 0.4809139 0.5512750
1341848018.769715 0.7035189 -1.8404906 3.8727467 0.1036648 0.6790637 0.4820754 0.5438101
1341848018.833759 0.6967435 -1.8488097 3.8830035 0.1100354 0.6807390 0.4829686 0.5396554
1341848018.901964 0.6970024 -1.8523835 3.8996696 0.1134129 0.6914598 0.4813026 0.5266581
1341848019.069833 0.7172976 -1.8370576 3.9314811 0.1192877 0.7030658 0.4796187 0.5113071
1341848019.162652 0.7146597 -1.8468381 3.9408793 0.1185251 0.7097467 0.4832529 0.4986764
1341848019.231114 0.7113194 -1.8522010 3.9470515 0.1154523 0.7147150 0.4873194 0.4882346
1341848019.330680 0.7180386 -1.8514057 3.9650528 0.1149140 0.7206978 0.4910919 0.4756241
1341848019.431028 0.7075887 -1.8590879 3.9798512 0.1172759 0.7309055 0.4950623 0.4549031
1341848019.530821 0.6930561 -1.8849757 3.9936590 0.1217294 0.7385414 0.4972543 0.4387218
1341848019.630654 0.6890135 -1.9022512 4.0144010 0.1231107 0.7425242 0.4998487 0.4285473
1341848019.734756 0.6894922 -1.9162996 4.0352006 0.1228237 0.7453985 0.5043120 0.4182880
1341848019.866778 0.6845293 -1.9330724 4.0482216 0.1240221 0.7499669 0.5087495 0.4041561
1341848020.034693 0.6890497 -1.9427466 4.0641122 0.1291593 0.7589172 0.5177642 0.3732061
1341848020.134758 0.6933279 -1.9492217 4.0709186 0.1311648 0.7609521 0.5228141 0.3611276
1341848020.234873 0.6946144 -1.9569848 4.0776558 0.1290564 0.7669349 0.5254589 0.3450337
1341848020.334861 0.6937404 -1.9727428 4.0863423 0.1289736 0.7724758 0.5265247 0.3307849
1341848020.438816 0.7042265 -1.9786692 4.0935817 0.1284134 0.7799574 0.5267059 0.3126616
1341848020.538748 0.7043090 -1.9876223 4.1019163 0.1357347 0.7868178 0.5247574 0.2951671
1341848020.638929 0.7060204 -1.9955559 4.1084428 0.1441862 0.7858623 0.5323228 0.2797557
1341848020.738994 0.7095032 -2.0003910 4.1137900 0.1466487 0.7860075 0.5375659 0.2677858
1341848020.839066 0.7185578 -2.0092106 4.1187806 0.1488792 0.7843579 0.5427779 0.2607870
1341848020.974874 0.7221446 -2.0202703 4.1230001 0.1523082 0.7853577 0.5437390 0.2536994
1341848021.142795 0.7425671 -2.0373201 4.1362839 0.1504260 0.7887323 0.5467793 0.2372883
1341848021.274899 0.7570100 -2.0502720 4.1436987 0.1502623 0.7932419 0.5474520 0.2201926
1341848021.384830 0.7659121 -2.0502398 4.1436124 0.1531474 0.8003849 0.5427549 0.2033396
1341848021.514696 0.7857695 -2.0789287 4.1580954 0.1615573 0.8087956 0.5380605 0.1738958
1341848021.678764 0.8107183 -2.1010978 4.1697173 0.1518866 0.8140612 0.5374976 0.1591576
1341848021.810867 0.8290813 -2.1172740 4.1771336 0.1516511 0.8128075 0.5424556 0.1486197
1341848022.010782 0.8607731 -2.1347764 4.1748266 0.1462597 0.8180329 0.5409207 0.1297506
1341848022.146749 0.8892653 -2.1472278 4.1669884 0.1428481 0.8210750 0.5409495 0.1131547
1341848022.278764 0.9071598 -2.1572795 4.1597929 0.1445650 0.8262395 0.5361770 0.0945702
1341848022.417848 0.9383308 -2.1668427 4.1405401 0.1520163 0.8275881 0.5360581 0.0680488
1341848022.586067 0.9530101 -2.1758678 4.1258345 0.1568003 0.8331184 0.5283462 0.0466655
1341848022.721700 0.9733918 -2.1743968 4.1177835 0.1564479 0.8349514 0.5270128 0.0252552
1341848022.814772 0.9845610 -2.1686306 4.1138439 0.1544522 0.8325464 0.5319309 0.0077836
1341848022.918835 0.9982151 -2.1727228 4.1052704 0.1460291 0.8238751 0.5475426 -0.0101159
1341848023.050766 1.0309993 -2.1688011 4.0780315 0.1277361 0.8203803 0.5555584 -0.0448844
1341848023.218702 1.0662739 -2.1538689 4.0715704 0.1339141 0.8137836 0.5593452 -0.0834035
1341848023.386908 1.0989826 -2.1425807 4.0546799 0.1199377 0.7998412 0.5776802 -0.1102486
1341848023.555068 1.1324524 -2.1299918 4.0217314 0.1180170 0.7894349 0.5879949 -0.1308687
1341848023.786854 1.1645494 -2.1013467 3.9831479 0.1171994 0.7872247 0.5820639 -0.1665632
1341848023.954826 1.1937225 -2.0714808 3.9340689 0.1115136 0.7845517 0.5779315 -0.1950351
1341848024.122843 1.2133113 -2.0455105 3.8915093 0.1268316 0.7756146 0.5758083 -0.2253456
1341848024.322705 1.2314947 -2.0137258 3.8343940 0.1295361 0.7635747 0.5809239 -0.2504029
1341848024.558627 1.2672017 -1.9626253 3.7762835 0.1200859 0.7500520 0.5877502 -0.2784802
1341848024.694820 1.2826569 -1.9422915 3.7612672 0.1191431 0.7432125 0.5906080 -0.2908995
1341848024.862797 1.3377659 -1.9074826 3.7128294 0.1163719 0.7333381 0.5921903 -0.3130232
1341848025.026872 1.3883190 -1.9044118 3.6865401 0.1268007 0.7257018 0.5896087 -0.3311193
1341848025.163080 1.4402599 -1.8881102 3.6617186 0.1239796 0.7201020 0.5876644 -0.3474663
1341848025.330653 1.4867444 -1.8792541 3.6303473 0.1257813 0.7123280 0.5881768 -0.3616849
1341848025.530800 1.5387535 -1.8626981 3.5899673 0.1206066 0.7055922 0.5885940 -0.3757006
1341848025.698755 1.5692942 -1.8426856 3.5605443 0.1175970 0.6983106 0.5896095 -0.3884507
1341848025.834828 1.5811741 -1.8416085 3.5492082 0.1185708 0.6942849 0.5890458 -0.3961496
1341848025.967138 1.6146679 -1.8148799 3.5166230 0.1203743 0.6893255 0.5853882 -0.4094644
1341848026.102823 1.6364017 -1.8036305 3.4995909 0.1254127 0.6832383 0.5831042 -0.4212440
1341848026.234940 1.6697176 -1.7702343 3.4647770 0.1316294 0.6733080 0.5815861 -0.4371358
1341848026.371024 1.6942627 -1.7579470 3.4434972 -0.1386760 -0.6654392 -0.5802730 0.4486010
1341848026.502672 1.7134626 -1.7498492 3.4248333 -0.1426060 -0.6616689 -0.5749552 0.4596568
1341848026.641972 1.7422338 -1.7305522 3.3928168 -0.1363720 -0.6592274 -0.5724476 0.4681086
1341848026.806747 1.7882650 -1.7033139 3.3610878 -0.1336400 -0.6579072 -0.5698681 0.4738657
1341848026.938881 1.8293328 -1.6951722 3.3298340 -0.1315550 -0.6552047 -0.5737761 0.4734777
1341848027.074785 1.8832815 -1.6841773 3.3093467 -0.1312389 -0.6555681 -0.5734079 0.4735084
1341848027.207212 1.9346397 -1.6819971 3.2770963 -0.1298441 -0.6529754 -0.5697957 0.4817640
1341848027.374943 1.9990511 -1.6791530 3.2494020 -0.1303745 -0.6540517 -0.5609329 0.4904826
1341848027.543310 2.0598056 -1.6698316 3.2148352 -0.1268738 -0.6645392 -0.5511852 0.4883498
1341848027.711026 2.1108034 -1.6730621 3.1813946 -0.1251908 -0.6700405 -0.5495499 0.4830816
1341848027.878669 2.1449111 -1.6477854 3.1489673 -0.1230147 -0.6742162 -0.5516133 0.4754185
1341848028.011034 2.1685658 -1.6329393 3.1202064 -0.1189087 -0.6792010 -0.5534551 0.4671554
1341848028.186050 2.1861074 -1.6071820 3.0721793 -0.1200579 -0.6838366 -0.5478134 0.4667483
1341848028.347962 2.2077949 -1.5827874 3.0183530 -0.1189800 -0.6820992 -0.5425574 0.4756216
1341848028.546612 2.2323389 -1.5460714 2.9704070 -0.1236878 -0.6820256 -0.5328825 0.4853645
1341848028.721828 2.2626846 -1.5211906 2.9212284 -0.1249069 -0.6822494 -0.5315534 0.4861943
1341848028.882714 2.2888024 -1.4918236 2.8704476 -0.1268180 -0.6830125 -0.5283406 0.4881263
1341848029.050751 2.3072135 -1.4706680 2.8201985 -0.1276588 -0.6797967 -0.5335343 0.4867451
1341848029.218708 2.3290441 -1.4471468 2.7858763 -0.1256343 -0.6753373 -0.5365703 0.4901306
1341848029.418757 2.3635392 -1.4239759 2.7397711 -0.1192039 -0.6688167 -0.5392730 0.4976538
1341848029.586990 2.4042921 -1.4049488 2.7076936 -0.1170597 -0.6660545 -0.5306992 0.5109078
1341848029.754791 2.4508152 -1.3892019 2.6670823 -0.1171972 -0.6562664 -0.5259309 0.5281817
1341848029.922779 2.4959323 -1.3778081 2.6385708 -0.1184568 -0.6477248 -0.5216852 0.5424621
1341848030.122796 2.5429909 -1.3575230 2.6022987 -0.1171892 -0.6356399 -0.5198168 0.5585867
1341848030.322775 2.5757329 -1.3342438 2.5690958 -0.1136219 -0.6215183 -0.5204657 0.5743870
1341848030.490846 2.5992286 -1.3094704 2.5429399 -0.1107687 -0.6091254 -0.5205253 0.5880051
1341848030.690656 2.6192830 -1.2761548 2.4973574 -0.1127261 -0.5972542 -0.5130644 0.6060900
1341848030.859838 2.6419332 -1.2492070 2.4551995 -0.1108868 -0.5888081 -0.4999347 0.6253596
1341848031.062783 2.6664100 -1.2191267 2.3952384 -0.1181773 -0.5815256 -0.4794911 0.6464909
1341848031.230953 2.6880698 -1.1957572 2.3454392 -0.1249326 -0.5785857 -0.4715368 0.6536692
1341848031.430611 2.7064123 -1.1734388 2.2983348 -0.1264585 -0.5729757 -0.4687080 0.6603180
1341848031.630816 2.7256453 -1.1614807 2.2637608 -0.1186676 -0.5623800 -0.4663486 0.6724327
1341848031.798743 2.7507451 -1.1552227 2.2362466 -0.1108573 -0.5537346 -0.4591318 0.6857744
1341848031.966694 2.7734971 -1.1481029 2.2062035 -0.1080993 -0.5431079 -0.4483895 0.7016376
1341848032.166964 2.8110375 -1.1297227 2.1657221 -0.1021765 -0.5338410 -0.4430301 0.7129503
1341848032.366699 2.8446903 -1.1056461 2.1245012 -0.0995797 -0.5263617 -0.4414108 0.7198498
1341848032.570910 2.8697257 -1.0909929 2.0920637 -0.0954093 -0.5233834 -0.4339333 0.7270961
1341848032.738725 2.8911006 -1.0734509 2.0526893 -0.0873183 -0.5279849 -0.4271499 0.7288007
1341848032.970816 2.9031742 -1.0409235 2.0037060 -0.0882423 -0.5270367 -0.4271461 0.7293777
1341848033.206854 2.8969624 -0.9992154 1.9601041 -0.0870102 -0.5171393 -0.4148433 0.7435733
1341848033.443097 2.8925014 -0.9668590 1.9239098 -0.0863067 -0.5045935 -0.4103196 0.7547016
1341848033.642934 2.8843429 -0.9370943 1.8998368 -0.0887512 -0.4980500 -0.4026356 0.7628591
1341848033.874878 2.8846784 -0.9214148 1.8762491 -0.0904863 -0.4925901 -0.3938551 0.7707434
1341848034.010755 2.8842108 -0.9154441 1.8669577 -0.0786335 -0.4806691 -0.3869242 0.7829838
1341848034.042713 2.8854306 -0.9151077 1.8629527 -0.0753404 -0.4760111 -0.3845718 0.7873003
1341848034.246723 2.8980114 -0.9131294 1.8423643 -0.0680108 -0.4580891 -0.3645853 0.8078406
1341848034.453838 2.9153109 -0.9049249 1.8151186 -0.0660299 -0.4465732 -0.3508762 0.8204257
1341848034.653784 2.9362531 -0.8781384 1.7829769 -0.0673117 -0.4438422 -0.3522361 0.8212205
1341848034.814737 2.9516237 -0.8554200 1.7577491 -0.0719376 -0.4393969 -0.3516439 0.8234695
1341848035.118886 2.9635377 -0.8282331 1.7324524 -0.0758230 -0.4280501 -0.3547570 0.8277509
1341848035.422709 2.9603782 -0.7953894 1.6940353 -0.0771112 -0.4230957 -0.3453421 0.8341359
1341848035.618790 2.9517040 -0.7734554 1.6636419 -0.0780551 -0.4199063 -0.3311141 0.8413975
1341848035.818784 2.9383140 -0.7536012 1.6406796 -0.0853474 -0.4036676 -0.3193706 0.8530949
1341848036.022779 2.9281807 -0.7322671 1.6069343 -0.0921006 -0.4000600 -0.3029278 0.8600606
1341848036.254692 2.9104352 -0.7065377 1.5788112 -0.0915608 -0.3903297 -0.3038049 0.8642696
1341848036.491205 2.9000177 -0.6849041 1.5481439 -0.0864482 -0.3806959 -0.3034871 0.8691910
1341848036.691175 2.8863297 -0.6577482 1.5102656 -0.0769291 -0.3747260 -0.2930386 0.8762367
1341848036.894756 2.8829474 -0.6356011 1.4617119 -0.0715112 -0.3656227 -0.2774536 0.8855652
1341848037.094661 2.8713572 -0.6049084 1.4097481 -0.0563182 -0.3593852 -0.2699035 0.8915282
1341848037.194724 2.8605199 -0.5909066 1.3978285 -0.0440639 -0.3676453 -0.2660307 0.8900129
1341848037.395057 2.8573246 -0.5694989 1.3393220 -0.0296456 -0.3787024 -0.2620054 0.8871633
1341848037.595756 2.8400545 -0.5395342 1.2968342 -0.0231625 -0.3771658 -0.2670276 0.8865132
1341848037.798917 2.8103728 -0.5119646 1.2704775 -0.0201685 -0.3642587 -0.2686989 0.8914649
1341848037.966864 2.7938476 -0.4809317 1.2481711 -0.0282591 -0.3476586 -0.2605179 0.9002585
1341848038.134662 2.7663715 -0.4555414 1.2311490 -0.0376711 -0.3303140 -0.2584729 0.9070090
1341848038.374117 2.7330549 -0.4255552 1.1987120 -0.0369914 -0.3130530 -0.2575507 0.9133986
1341848038.602989 2.7011945 -0.4036810 1.1631541 -0.0271376 -0.3053327 -0.2559110 0.9168125
1341848038.770741 2.6865766 -0.3767205 1.1298499 -0.0205016 -0.3041797 -0.2565141 0.9171995
1341848038.938767 2.6711071 -0.3475178 1.0933486 -0.0211818 -0.2969162 -0.2472254 0.9221018
1341848039.138656 2.6650379 -0.3200112 1.0548724 -0.0212953 -0.2826740 -0.2372960 0.9291569
1341848039.338889 2.6653864 -0.2934843 1.0215671 -0.0198593 -0.2762944 -0.2298595 0.9329693
1341848039.574890 2.6497090 -0.2654996 0.9843806 -0.0189850 -0.2636263 -0.2327122 0.9359411
1341848039.843282 2.6277950 -0.2303364 0.9584557 -0.0088999 -0.2546320 -0.2369568 0.9375153
1341848040.110819 2.5821793 -0.1902198 0.9291645 -0.0129508 -0.2391971 -0.2220178 0.9451588
1341848040.378809 2.5377038 -0.1601054 0.9062055 -0.0243439 -0.2162113 -0.2074587 0.9537405
1341848040.614917 2.5016174 -0.1455420 0.8757854 -0.0184877 -0.2090484 -0.1934999 0.9583918
1341848040.714653 2.4847600 -0.1248392 0.8678515 -0.0055923 -0.1950077 -0.1919076 0.9618275
1341848041.022638 2.4434841 -0.1132196 0.8485568 0.0075047 -0.1492188 -0.1718831 0.9737215
1341848041.319290 2.4084523 -0.0791250 0.8406594 -0.0093166 -0.1206761 -0.1395101 0.9827957
1341848041.550730 2.3729949 -0.0626966 0.8428537 -0.0124456 -0.0925377 -0.1332092 0.9866799
1341848041.854747 2.2977345 -0.0381720 0.8481565 -0.0055586 -0.0735749 -0.1148971 0.9906334
1341848042.054627 2.2377069 -0.0265798 0.8530057 0.0011674 -0.0627683 -0.0952875 0.9934682
1341848042.390711 2.1671977 -0.0152151 0.8600127 -0.0025024 -0.0334195 -0.0805112 0.9961901
1341848042.658741 2.1201136 -0.0073041 0.8726400 -0.0026846 -0.0031319 -0.0579377 0.9983117
1341848042.861726 2.0870008 0.0022895 0.8758924 -0.0042780 0.0232658 -0.0360624 0.9990695
1341848043.065737 2.0690460 0.0102114 0.8838205 -0.0036851 0.0386111 -0.0231489 0.9989794
1341848043.233861 2.0531008 0.0119017 0.9135438 -0.0037142 0.0472433 -0.0196672 0.9986829
1341848043.433949 2.0193698 0.0106233 0.9138888 -0.0008962 0.0553046 -0.0126494 0.9983890
1341848043.637798 1.9823644 0.0127572 0.9450152 -0.0010060 0.0588900 0.0024458 0.9982610
1341848043.869697 1.9649242 0.0090083 0.9256491 -0.0041923 0.0609308 0.0097905 0.9980851
1341848044.073762 1.9140933 0.0009770 1.0066271 -0.0022750 0.0649893 0.0097524 0.9978358
1341848044.173825 1.9202195 -0.0053726 0.9905868 -0.0067644 0.0573087 0.0113183 0.9982694
1341848044.373688 1.8923306 -0.0112394 1.0312679 -0.0082383 0.0637551 0.0168887 0.9977887
1341848044.641741 1.8649292 -0.0099445 1.0893290 -0.0073707 0.0891980 0.0488908 0.9947860
1341848044.870686 1.8359179 -0.0160520 1.1354220 -0.0005676 0.1021238 0.0754943 0.9919028
1341848045.070849 1.8026766 -0.0081185 1.1527810 -0.0009639 0.0985804 0.0860575 0.9914005
1341848045.306816 1.7624295 -0.0141646 1.1946323 -0.0029804 0.1026729 0.0862409 0.9909651
1341848045.506761 1.7304779 -0.0264779 1.2436455 -0.0077296 0.0960638 0.0813277 0.9920171
1341848045.645890 1.7112267 -0.0319796 1.2824368 -0.0064673 0.0876797 0.0812537 0.9928083
1341848045.842865 1.6736500 -0.0375203 1.3363627 -0.0044862 0.0732413 0.0695856 0.9948736
1341848045.942758 1.6560446 -0.0526554 1.3255104 -0.0102632 0.0635667 0.0675448 0.9956363
1341848046.074722 1.6345857 -0.0514608 1.3533354 -0.0086761 0.0449078 0.0519443 0.9976020
1341848046.142773 1.6178402 -0.0572815 1.3729404 -0.0130263 0.0407192 0.0461011 0.9980215
1341848046.249730 1.6027949 -0.0532443 1.3847164 -0.0164925 0.0287117 0.0340859 0.9988703
1341848046.417763 1.5847089 -0.0411330 1.4033492 -0.0210340 0.0113315 0.0179861 0.9995528
1341848046.549658 1.5469155 -0.0364846 1.4088598 -0.0296996 0.0040316 0.0086620 0.9995132
1341848046.714925 1.5205487 -0.0247622 1.3932817 -0.0297861 -0.0174610 0.0013320 0.9994029
1341848046.878793 1.4989034 -0.0126259 1.3681648 -0.0321615 -0.0300755 -0.0038697 0.9990226
1341848047.089866 1.4822590 -0.0007095 1.3113067 -0.0417161 -0.0439036 -0.0100018 0.9981143
1341848047.282779 1.4137534 0.0252736 1.2523365 -0.0521686 -0.0508461 -0.0158193 0.9972176
1341848047.450847 1.3551270 0.0492456 1.2038218 -0.0505597 -0.0644956 -0.0223310 0.9963862
1341848047.618981 1.3221084 0.0584977 1.1541537 -0.0523656 -0.0795067 -0.0303988 0.9949937
1341848047.818804 1.2553239 0.0790680 1.1138127 -0.0518292 -0.0893601 -0.0341539 0.9940634
1341848047.986771 1.2055809 0.0892701 1.0942658 -0.0517640 -0.0902154 -0.0368198 0.9938943
1341848048.186720 1.1424516 0.1230047 1.0671743 -0.0437655 -0.0901043 -0.0328043 0.9944293
1341848048.354699 1.0906675 0.1315029 1.0476547 -0.0372184 -0.0844459 -0.0267114 0.9953744
1341848048.522793 1.0370327 0.1417536 1.0166515 -0.0292013 -0.0790469 -0.0276466 0.9960595
1341848048.658741 1.0086309 0.1442270 0.9872357 -0.0175305 -0.0810699 -0.0227946 0.9962935
1341848048.822736 0.9655657 0.1511277 0.9517078 -0.0048275 -0.0824025 -0.0183098 0.9964193
1341848048.990810 0.9193709 0.1571749 0.9128330 0.0116760 -0.0894399 -0.0245813 0.9956204
1341848049.158854 0.8805115 0.1563703 0.8621844 0.0247365 -0.0967568 -0.0319873 0.9944863
1341848049.358802 0.8274419 0.1914399 0.8061557 0.0335220 -0.0992388 -0.0353131 0.9938717
1341848049.562799 0.7796144 0.2144002 0.7391719 0.0369601 -0.0963672 -0.0261222 0.9943163
1341848049.730793 0.7060251 0.2597687 0.6869476 0.0374203 -0.0979546 -0.0207884 0.9942698
1341848049.869834 0.6694783 0.2890708 0.6286852 0.0328706 -0.1088427 -0.0262909 0.9931675
1341848049.998757 0.6056444 0.3137389 0.5842105 0.0310694 -0.1129146 -0.0317837 0.9926101
1341848050.130710 0.5697278 0.3284940 0.5577791 0.0283845 -0.1253907 -0.0393493 0.9909204
1341848050.266732 0.5571129 0.3439301 0.5332268 0.0254998 -0.1412826 -0.0504000 0.9883566
1341848050.398693 0.5361123 0.3480912 0.5107569 0.0202195 -0.1569104 -0.0635998 0.9853554
1341848050.498791 0.5194088 0.3466629 0.4985000 0.0184375 -0.1695651 -0.0733930 0.9826094
1341848050.598790 0.5078057 0.3575709 0.4885505 0.0195203 -0.1844049 -0.0792728 0.9794537
1341848050.734789 0.4891905 0.3602658 0.4687909 0.0200816 -0.2036181 -0.0884358 0.9748413
1341848050.870719 0.4761413 0.3643868 0.4462295 0.0188182 -0.2259722 -0.0967502 0.9691346
1341848051.002763 0.4583904 0.3540456 0.4361389 0.0171707 -0.2460568 -0.1113336 0.9626870
1341848051.138713 0.4348659 0.3670786 0.4081835 0.0218195 -0.2587695 -0.1170327 0.9585748
1341848051.270842 0.4203402 0.3717985 0.4124855 0.0274818 -0.2732875 -0.1182949 0.9542353
1341848051.506718 0.4208075 0.3724732 0.4038837 0.0432213 -0.3021989 -0.1332181 0.9429002
1341848051.638863 0.4144940 0.3708161 0.4032954 0.0556873 -0.3230011 -0.1559931 0.9317915
1341848051.806694 0.4227976 0.3751902 0.3935744 0.0655943 -0.3502088 -0.1814387 0.9165867
1341848051.906707 0.4278302 0.3784137 0.3817648 0.0726536 -0.3545042 -0.1994785 0.9106352
1341848052.074871 0.4472917 0.3768658 0.3717285 0.0684602 -0.3539034 -0.2187778 0.9067535
1341848052.178064 0.4593114 0.3823685 0.3664425 0.0711800 -0.3442122 -0.2292363 0.9076905
1341848052.275206 0.4773361 0.3800488 0.3581543 0.0701181 -0.3340098 -0.2395260 0.9089270
1341848052.379476 0.4831353 0.4118426 0.3198462 0.0731981 -0.3179552 -0.2419530 0.9137862
1341848052.481496 0.5019337 0.4087911 0.3152773 0.0744595 -0.3108655 -0.2466018 0.9148803
1341848052.617750 0.5298492 0.3958318 0.2964776 0.0715760 -0.2988835 -0.2571230 0.9162059
1341848052.778710 0.5603302 0.3919997 0.2495516 0.0680009 -0.2826413 -0.2673447 0.9187038
1341848052.846856 0.5520615 0.3709806 0.2434331 0.0629520 -0.2689267 -0.2706132 0.9222169
1341848052.978684 0.4004972 0.2468715 0.4072143 0.0633925 -0.2106220 -0.2400266 0.9455194
1341848053.146985 -0.2142157 -0.6071883 0.4631191 -0.1269030 -0.1403891 -0.2350752 0.9533762
1341848053.247961 -0.2208419 -0.6263009 0.4461342 -0.1306223 -0.1202771 -0.2302841 0.9567865
1341848053.386096 -0.2308068 -0.5752923 0.4415548 -0.1141348 -0.0890723 -0.2147385 0.9658813
1341848053.485736 -0.2066094 -0.5701637 0.4348225 -0.1152022 -0.0745099 -0.2027925 0.9695627
1341848053.553915 -0.1955227 -0.5615266 0.4318061 -0.1150995 -0.0619429 -0.1964915 0.9717543
1341848053.653792 -0.1932346 -0.5556598 0.4322174 -0.1245987 -0.0368203 -0.1803689 0.9749803
1341848053.821625 -0.2049343 -0.5478246 0.4341403 -0.1298389 0.0071926 -0.1532796 0.9795895
1341848053.857784 -0.1894266 -0.5556856 0.4222024 -0.1308521 0.0122190 -0.1484944 0.9801418
1341848054.086777 -0.2195297 -0.4768285 0.4533271 -0.1033903 0.0536043 -0.0781668 0.9901147
1341848054.486883 -0.3006928 -0.4695950 0.3729600 -0.1134065 0.0739954 -0.0569959 0.9891487
1341848054.790887 -0.1002973 -0.1216826 0.6294746 0.0298752 0.0835104 0.0496457 0.9948210
1341848055.090735 -0.1210533 -0.1089232 0.5749312 0.0472842 0.1076151 0.0825998 0.9896265
1341848055.358938 -0.1514576 -0.0788715 0.4797298 0.0555524 0.1145789 0.0964374 0.9871603
1341848055.594685 -0.1860055 -0.0393885 0.4026932 0.0575941 0.1296155 0.0985778 0.9849697
1341848055.862804 -0.2420870 -0.0271141 0.3636903 0.0529717 0.1583958 0.1156848 0.9791434
1341848056.098792 -0.3069381 -0.0145350 0.3472637 0.0572806 0.1697689 0.1296795 0.9752337
1341848056.330676 -0.3818861 -0.0072054 0.3456915 0.0592990 0.1630466 0.1329966 0.9758132
1341848056.430750 -0.4182770 -0.0238049 0.3307554 0.0494743 0.1522916 0.1416638 0.9768782
1341848056.766724 -0.5763747 -0.0076415 0.3684560 0.0341405 0.1330607 0.1529403 0.9786412
1341848057.202641 -0.7715597 -0.3026115 0.1928502 -0.0779904 0.1501813 0.0851909 0.9818888
1341848057.606668 -0.8574246 -0.0084981 0.3642693 -0.0090742 0.1584809 0.1576932 0.9746457
1341848057.706823 -0.8941654 -0.0113066 0.3663122 -0.0138108 0.1712050 0.1675263 0.9707899
1341848057.806842 -0.9306384 -0.0082067 0.3660957 -0.0141234 0.1777159 0.1765823 0.9680064
1341848057.938847 -0.9915756 -0.0025299 0.3688988 -0.0089881 0.1806701 0.1863718 0.9656827
1341848058.075970 -1.0382862 -0.0115812 0.3751584 -0.0060853 0.1727343 0.1876530 0.9669086
1341848058.242740 -1.1032698 -0.0222619 0.3871294 0.0008141 0.1596697 0.1775081 0.9710797
1341848058.474732 -1.1780599 -0.0597750 0.4223761 0.0053608 0.1611947 0.1773719 0.9708381
1341848058.746819 -1.2366180 -0.0790993 0.4605488 0.0143952 0.1820245 0.1865002 0.9653381
1341848059.014660 -1.2738743 -0.0996194 0.5059605 0.0165703 0.1926343 0.2033411 0.9598281
1341848059.314667 -1.2800243 -0.1008594 0.5146961 0.0246138 0.2211684 0.2050678 0.9531138
1341848059.782774 -1.2946986 -0.0950004 0.5082318 0.0396815 0.2464098 0.2112350 0.9450330
1341848060.254799 -1.3078038 -0.0934236 0.4906207 0.0618885 0.2559454 0.1893350 0.9459461
1341848060.656087 -1.2890160 -0.0771637 0.4856757 0.0701626 0.2680585 0.1663552 0.9463339
1341848061.197947 -1.2151865 -0.0942513 0.4844235 0.0916253 0.2481344 0.1639557 0.9503435
1341848061.494657 -1.1649704 -0.1067529 0.4636632 0.1076923 0.2486576 0.1670627 0.9479778
1341848061.894834 -1.1346526 -0.1031093 0.4608993 0.1049712 0.2565049 0.1661270 0.9463552
1341848062.934962 -1.0338305 -0.0971376 0.4973262 0.0939082 0.2050568 0.1507571 0.9624995
1341848063.677955 -0.8704752 -0.0714001 0.4793612 0.0751499 0.1786017 0.1271375 0.9727744
1341848064.013951 -0.7928270 -0.0884463 0.5269441 0.0707865 0.1658217 0.1186203 0.9764332
1341848064.313795 -0.6856642 -0.1223364 0.5719051 0.0728922 0.1590215 0.1160836 0.9777134
1341848064.649724 -0.5640138 -0.1394507 0.6079959 0.0793447 0.1628644 0.1105149 0.9772236
1341848064.978809 -0.4887507 -0.1371110 0.6199816 0.0774581 0.1497948 0.1175628 0.9786423
1341848065.314761 -0.4084308 -0.1291265 0.6088961 0.0814208 0.1382430 0.1167163 0.9801208
1341848065.650809 -0.3221701 -0.1250489 0.6003182 0.0880625 0.1302010 0.1031019 0.9821725
1341848065.950762 -0.2823803 -0.1047553 0.5961896 0.0786592 0.0977846 0.0821883 0.9886840
1341848066.318695 -0.2268286 -0.1103074 0.5989794 0.0645956 0.0656458 0.0632818 0.9937372
1341848066.623500 -0.1583486 -0.1287231 0.6218445 0.0722514 0.0528229 0.0449685 0.9949710
1341848066.997936 -0.0798662 -0.1307209 0.6485411 0.0816157 0.0484417 0.0177639 0.9953275
1341848067.291049 -0.0367730 -0.1391342 0.6502005 0.0860816 0.0457397 0.0155620 0.9951159
1341848067.826795 -0.0036245 -0.1357751 0.6378412 0.0930755 0.0700434 0.0414032 0.9923289
