1341847980.722988 0.0000000 0.0000000 0.0000000 -0.0000000 -0.0000000 -0.0000000 1.0000000
1341847982.462624 -0.1587349 0.0024452 -0.0439681 0.0085439 0.0157388 0.0084103 0.9998043
1341847982.498616 -0.1637912 0.0059008 -0.0445769 0.0088171 0.0189453 0.0086542 0.9997442
1341847982.630723 -0.1835532 0.0034262 -0.0387733 0.0021867 0.0287073 0.0121150 0.9995121
1341847983.066707 -0.3148502 0.0113638 -0.0211423 0.0009850 0.0502581 0.0220076 0.9984933
1341847983.334718 -0.3900044 -0.0048136 -0.0210813 -0.0079047 0.0533859 0.0234462 0.9982674
1341847983.702857 -0.5223683 -0.0044175 -0.0241244 0.0016685 0.0718760 0.0256841 0.9970815
1341847983.906692 -0.6135933 -0.0009468 -0.0379166 0.0110147 0.0721928 0.0345815 0.9967302
1341847984.106759 -0.6851286 0.0161838 -0.0406067 0.0019701 0.0823315 0.0301398 0.9961472
1341847984.406718 -0.7943541 0.0311541 -0.0022077 -0.0151994 0.0811251 0.0317481 0.9960822
1341847984.710651 -0.8836159 0.0081319 0.0897730 -0.0144651 0.0874215 0.0346516 0.9954635
1341847984.979236 -0.9443055 -0.0231026 0.1832314 -0.0067799 0.0860810 0.0492458 0.9950472
1341847985.378830 -0.9908875 -0.0920210 0.3132071 -0.0132636 0.1167024 0.0545158 0.9915809
1341847985.714719 -1.0442662 -0.1450950 0.4376558 -0.0037057 0.1422772 0.0680081 0.9874808
1341847985.950751 -1.0833305 -0.1995106 0.5022491 0.0088631 0.1585652 0.0831616 0.9838001
1341847986.250584 -1.1222736 -0.2522420 0.6019876 0.0080798 0.1875900 0.0934603 0.9777576
1341847986.525772 -1.1378403 -0.3049447 0.6972104 0.0116112 0.2122848 0.1046158 0.9715225
1341847986.922699 -1.1571569 -0.3628551 0.8409582 0.0020024 0.2327357 0.1351823 0.9630970
1341847987.259261 -1.1738664 -0.4099716 0.9507348 -0.0148021 0.2618779 0.1435487 0.9542508
1341847987.390720 -1.1855526 -0.4260004 0.9939544 -0.0120412 0.2857646 0.1360558 0.9485159
1341847987.626925 -1.2200345 -0.4176741 1.0628424 0.0101903 0.3161789 0.1472486 0.9371473
1341847987.826748 -1.2469599 -0.4161822 1.1280951 0.0144713 0.3218036 0.1662094 0.9319912
1341847988.065746 -1.2830622 -0.4343293 1.2006269 0.0236572 0.3264831 0.1590088 0.9314319
1341847988.333739 -1.3104379 -0.4389777 1.2630032 0.0255135 0.3326123 0.1607352 0.9289145
1341847988.601796 -1.3344848 -0.4392652 1.3069235 0.0225413 0.3376674 0.1751715 0.9245473
1341847988.873917 -1.3767042 -0.4535075 1.3352413 0.0125259 0.3506186 0.1821347 0.9185514
1341847989.034678 -1.4177521 -0.4607316 1.3466911 0.0098879 0.3571539 0.1930021 0.9138346
1341847989.166672 -1.4526649 -0.4822920 1.3622187 0.0132592 0.3595695 0.1932962 0.9127818
1341847989.302773 -1.4991717 -0.5022436 1.3676968 0.0177891 0.3531830 0.1879963 0.9162984
1341847989.570705 -1.5703392 -0.5388517 1.3742573 0.0062506 0.3530812 0.1690368 0.9201745
1341847989.902718 -1.6610065 -0.5648170 1.3851342 0.0025060 0.3753453 0.1634839 0.9123501
1341847990.139194 -1.7474288 -0.5823917 1.3908142 0.0065659 0.3791143 0.1676335 0.9100155
1341847990.406760 -1.8433187 -0.6001229 1.3965482 0.0114563 0.3735431 0.1712024 0.9116052
1341847990.774671 -1.9354844 -0.6150504 1.4235927 0.0069736 0.3795141 0.1944468 0.9044948
1341847991.278726 -2.0347056 -0.6590567 1.4874406 0.0100948 0.4104218 0.2048127 0.8885403
1341847991.546725 -2.0877638 -0.6838788 1.5359445 0.0095512 0.4193632 0.2277717 0.8787282
1341847991.950761 -2.1300519 -0.7365921 1.5769563 0.0111583 0.4574794 0.2515613 0.8528218
1341847992.418855 -2.2174330 -0.7974721 1.6651585 0.0111498 0.4943504 0.2591159 0.8296700
1341847992.718718 -2.2954292 -0.8370471 1.7268693 0.0115367 0.5096924 0.2708047 0.8165448
1341847993.054757 -2.3533881 -0.8714719 1.7960557 0.0059397 0.5217772 0.2772140 0.8067625
1341847993.422745 -2.3878469 -0.9185468 1.8862176 0.0084523 0.5433145 0.2840856 0.7899578
1341847993.658928 -2.4117928 -0.9471967 1.9587244 0.0080871 0.5502211 0.3010464 0.7788212
1341847994.034008 -2.4183195 -1.0125079 2.0527112 -0.0116935 0.5681530 0.3011839 0.7657374
1341847994.369712 -2.4520833 -1.0719315 2.1229792 0.0067014 0.5903230 0.3041706 0.7476323
1341847994.637836 -2.4935014 -1.1208891 2.2063868 0.0161940 0.6022303 0.3159522 0.7329603
1341847994.831306 -2.5234323 -1.1500949 2.2678406 0.0073788 0.6132402 0.3255475 0.7196532
1341847994.998679 -2.5314071 -1.1706176 2.3151479 0.0014659 0.6202438 0.3331041 0.7101670
1341847995.234663 -2.5419698 -1.1997700 2.3652456 0.0063146 0.6395374 0.3401403 0.6893886
1341847995.534752 -2.5432506 -1.2399992 2.4406700 0.0107223 0.6521863 0.3450526 0.6748902
1341847995.702780 -2.5401449 -1.2524809 2.4792459 0.0104558 0.6502706 0.3616696 0.6680074
1341847996.170714 -2.5244703 -1.2940068 2.5422010 0.0097937 0.6722168 0.3663869 0.6432647
1341847996.538771 -2.5401497 -1.3184453 2.5908532 0.0169697 0.6914220 0.3724786 0.6187950
1341847996.742663 -2.5540946 -1.3306916 2.6326873 0.0052898 0.6989372 0.3792502 0.6063234
1341847997.078725 -2.5689907 -1.3765256 2.7293582 0.0128852 0.7085218 0.3874564 0.5896679
1341847997.346642 -2.5790088 -1.4148999 2.8052087 0.0069560 0.7116390 0.3834077 0.5886595
1341847997.614736 -2.5627933 -1.4597857 2.8669653 0.0053215 0.7307433 0.3765247 0.5693988
1341847997.746602 -2.5425181 -1.4854331 2.9056923 0.0086778 0.7382096 0.3716722 0.5628774
1341847998.014866 -2.5012994 -1.5336361 2.9857659 0.0213365 0.7451398 0.3795394 0.5479609
1341847998.154051 -2.4878311 -1.5567043 3.0262222 0.0250018 0.7422615 0.3846484 0.5481499
1341847998.382723 -2.4527738 -1.5977204 3.0909901 0.0167799 0.7378775 0.3829456 0.5555248
1341847998.586740 -2.4330120 -1.6246105 3.1571145 0.0024830 0.7345766 0.3782391 0.5633171
1341847998.786762 -2.4170778 -1.6535017 3.2278953 -0.0026604 0.7344300 0.3811672 0.5615310
1341847998.954799 -2.4120090 -1.6764572 3.2927229 -0.0031850 0.7357933 0.3878309 0.5551444
1341847999.154891 -2.3962784 -1.6955510 3.3566320 -0.0091193 0.7345173 0.3963275 0.5507502
1341847999.454933 -2.3614109 -1.7305434 3.4235263 0.0085561 0.7570640 0.3974462 0.5184760
1341847999.691111 -2.3191705 -1.7522781 3.4636478 0.0219274 0.7764451 0.4067406 0.4808474
1341847999.897730 -2.2663538 -1.7584308 3.4897316 0.0294028 0.7878509 0.4172152 0.4520596
1341848000.058724 -2.2222695 -1.7536525 3.5085249 0.0291468 0.7916160 0.4357459 0.4273409
1341848000.494711 -2.1107965 -1.7361860 3.5193472 0.0142548 0.7977308 0.4669766 0.3812549
1341848000.830729 -2.0170703 -1.7413781 3.5258756 0.0251591 0.8138928 0.4649710 0.3474873
1341848001.205951 -1.9021400 -1.7538364 3.5505688 0.0344865 0.8252556 0.4665634 0.3163582
1341848001.466720 -1.8217633 -1.7359862 3.5557160 0.0162736 0.8404304 0.4639458 0.2795822
1341848001.770725 -1.7422225 -1.7071595 3.5318892 0.0104134 0.8581422 0.4615750 0.2245708
1341848002.102720 -1.6536918 -1.6960816 3.5029035 0.0208608 0.8645224 0.4699727 0.1768940
1341848002.474697 -1.5638502 -1.6649528 3.4769888 0.0113163 0.8658941 0.4812519 0.1360000
1341848002.806780 -1.4851110 -1.6156631 3.4640472 0.0000940 0.8592053 0.4979369 0.1175804
1341848003.042638 -1.4213657 -1.6002557 3.4629738 0.0038215 0.8628327 0.4882176 0.1309534
1341848003.242926 -1.3704472 -1.5912023 3.4634893 -0.0103384 0.8645834 0.4837188 0.1356644
1341848003.410779 -1.3239888 -1.5792489 3.4654059 -0.0237230 0.8660836 0.4768838 0.1480484
1341848003.578749 -1.2777094 -1.5648143 3.4651077 -0.0241788 0.8623998 0.4739937 0.1761018
1341848003.785807 -1.2268984 -1.5492315 3.4531789 -0.0301533 0.8579746 0.4677673 0.2101527
1341848003.885751 -1.2048398 -1.5371302 3.4430566 -0.0339147 0.8554865 0.4666276 0.2219267
1341848004.053778 -1.1679671 -1.5137799 3.4240894 -0.0335465 0.8515179 0.4647632 0.2403897
1341848004.257760 -1.1203715 -1.4851484 3.3922539 -0.0327673 0.8431726 0.4671887 0.2640474
1341848004.421857 -1.0793874 -1.4612470 3.3807266 -0.0414163 0.8332558 0.4664704 0.2938961
1341848004.589761 -1.0432096 -1.4364377 3.3798926 -0.0499721 0.8218058 0.4703474 0.3176653
1341848005.257748 -0.9641140 -1.3961118 3.3897450 -0.0652673 0.7881852 0.4768596 0.3835482
1341848006.097854 -0.8833203 -1.4050620 3.4261260 -0.0578452 0.7557744 0.4510343 0.4711974
1341848006.737817 -0.8193264 -1.4325227 3.4802375 -0.0352115 0.7458639 0.4284369 0.5088114
1341848007.498756 -0.7629228 -1.5387387 3.6041617 -0.0106508 0.7736027 0.4391114 0.4567348
1341848007.902779 -0.7191153 -1.5863780 3.6660264 -0.0051092 0.7904255 0.4543452 0.4108184
1341848008.202734 -0.6613092 -1.6269397 3.7085676 0.0043961 0.8005360 0.4740089 0.3666582
1341848008.638714 -0.5796385 -1.6771942 3.7649555 0.0153555 0.8078697 0.5001389 0.3114029
1341848009.042740 -0.5145378 -1.7147294 3.8125906 0.0100977 0.8202012 0.5030563 0.2722175
1341848009.210697 -0.4866848 -1.7184899 3.8299024 0.0058430 0.8277843 0.5039143 0.2465955
1341848009.442927 -0.4441755 -1.7199287 3.8466108 0.0067170 0.8289883 0.5215371 0.2018227
1341848009.846800 -0.3457267 -1.7073257 3.8660779 -0.0000568 0.8336279 0.5181609 0.1912429
1341848010.014819 -0.3086596 -1.6915388 3.8606973 -0.0006506 0.8342339 0.5155914 0.1954962
1341848010.314754 -0.2452996 -1.6526914 3.8027589 0.0018585 0.8311827 0.5266604 0.1782151
1341848010.514760 -0.2158935 -1.6308358 3.7574308 0.0036967 0.8302067 0.5333562 0.1620936
1341848010.782711 -0.1940606 -1.6186886 3.6975765 0.0031357 0.8286565 0.5425218 0.1377997
1341848011.086749 -0.1798526 -1.6062033 3.6639020 0.0077023 0.8336738 0.5409443 0.1109416
1341848011.722610 -0.1497316 -1.5699747 3.6211565 0.0076780 0.8361786 0.5466003 0.0444349
1341848012.190967 -0.1490706 -1.5097733 3.5501091 0.0042864 0.8273181 0.5615326 0.0144063
1341848012.562690 -0.1430523 -1.4453928 3.4672596 -0.0212351 0.8153173 0.5771862 0.0407767
1341848012.794727 -0.1238763 -1.4137986 3.4380608 -0.0399785 0.8133733 0.5759454 0.0715023
1341848013.162759 -0.1047555 -1.3801060 3.4166217 -0.0646454 0.8112509 0.5629903 0.1439962
1341848013.398748 -0.0880845 -1.3665092 3.4313152 -0.0670176 0.8029972 0.5611592 0.1892208
1341848013.666669 -0.0546265 -1.3620509 3.4382391 -0.0800932 0.7853243 0.5588000 0.2541522
1341848014.034942 -0.0134296 -1.3580714 3.4600725 -0.0871615 0.7768786 0.5321216 0.3251296
1341848014.234751 0.0274744 -1.3495257 3.4691160 -0.1046391 0.7615513 0.5232319 0.3678568
1341848014.370553 0.0572772 -1.3467203 3.4837384 -0.1065032 0.7508144 0.5146675 0.4000652
1341848014.538728 0.0990396 -1.3487673 3.5028257 -0.1150546 0.7367688 0.4944868 0.4465613
1341848014.706765 0.1358299 -1.3546389 3.5207429 -0.1105927 0.7272131 0.4743246 0.4836801
1341848014.874686 0.1711030 -1.3556211 3.5452762 -0.0967171 0.7202314 0.4585330 0.5115273
1341848014.974705 0.1849756 -1.3502444 3.5530915 -0.0875669 0.7103589 0.4560383 0.5289153
1341848015.074864 0.1940589 -1.3437417 3.5548463 -0.1015632 0.6949080 0.4573835 0.5455163
1341848015.310598 0.2261958 -1.3260485 3.5638437 -0.1154611 0.6650846 0.4514380 0.5835537
1341848015.542834 0.2461820 -1.3186766 3.5621080 -0.1086000 0.6224947 0.4380143 0.6394137
1341848015.685811 0.2595282 -1.3186920 3.5670426 -0.1151841 0.5966033 0.4227247 0.6723847
1341848015.917793 0.2654562 -1.3224745 3.5672400 -0.1042799 0.5662187 0.3870088 0.7202404
1341848016.121844 0.2640638 -1.3309765 3.5674148 -0.0955342 0.5495265 0.3601253 0.7477992
1341848016.657837 0.2443936 -1.3547280 3.5951216 -0.0699519 0.5661432 0.3752630 0.7305931
1341848016.818817 0.2303362 -1.3727384 3.6130083 -0.0670754 0.5661335 0.3750805 0.7309640
1341848016.950706 0.2150161 -1.3865001 3.6324716 -0.0666141 0.5656044 0.3766630 0.7306020
1341848017.118641 0.1938744 -1.4071815 3.6552753 -0.0714967 0.5749855 0.3798590 0.7211013
1341848017.318695 0.1611962 -1.4285469 3.6798375 -0.0540873 0.6026764 0.3840995 0.6973689
1341848017.454792 0.1270795 -1.4513232 3.6804223 -0.0410244 0.6158823 0.3875977 0.6846707
1341848017.554797 0.1116476 -1.4626162 3.6859958 -0.0384805 0.6259935 0.3880209 0.6753452
1341848017.654814 0.0966196 -1.4709656 3.6904063 -0.0326822 0.6351414 0.3895479 0.6661679
1341848017.790699 0.0850606 -1.4857186 3.6966465 -0.0200181 0.6462218 0.3885713 0.6565128
1341848017.990683 0.0565825 -1.5012393 3.7101643 -0.0150489 0.6567997 0.3864731 0.6473224
1341848018.190824 0.0479450 -1.5125024 3.7259264 -0.0170832 0.6680622 0.3953061 0.6301858
1341848018.433770 0.0423660 -1.5374315 3.7626333 -0.0132356 0.6842533 0.4088350 0.6037186
1341848018.601739 0.0420823 -1.5555556 3.8016572 -0.0088651 0.6950163 0.4197007 0.5837166
1341848018.769715 0.0363450 -1.5835607 3.8461516 -0.0115695 0.7063923 0.4257427 0.5653487
1341848018.969688 0.0339870 -1.6224557 3.8932185 -0.0049024 0.7143793 0.4267603 0.5545393
1341848019.198644 0.0250230 -1.6621118 3.9371419 -0.0085311 0.7269714 0.4294548 0.5357316
1341848019.398715 0.0159655 -1.6951395 3.9905624 -0.0151356 0.7435764 0.4341317 0.5083253
1341848019.666875 0.0096574 -1.7481182 4.0854521 -0.0112710 0.7625552 0.4372338 0.4766646
1341848019.898833 0.0105848 -1.7828469 4.1439452 -0.0093179 0.7736655 0.4427366 0.4531438
1341848020.134758 0.0208378 -1.8049362 4.1860371 -0.0045922 0.7882216 0.4523387 0.4172233
1341848020.438816 0.0560522 -1.8424028 4.2401667 -0.0044192 0.8119624 0.4528468 0.3682763
1341848020.670809 0.0953021 -1.8659841 4.2874074 0.0089934 0.8265128 0.4591305 0.3255689
1341848020.906582 0.1321387 -1.8962498 4.3278270 0.0099918 0.8311422 0.4674899 0.3009252
1341848021.175038 0.1872854 -1.9204265 4.3608704 0.0091062 0.8390163 0.4715590 0.2712951
1341848021.384830 0.2347374 -1.9380131 4.3855801 0.0094250 0.8527382 0.4644962 0.2387299
1341848021.678764 0.3195953 -1.9768330 4.4398541 0.0116122 0.8700299 0.4555919 0.1880136
1341848022.046709 0.4296646 -1.9939222 4.4657431 0.0030182 0.8789405 0.4546363 0.1440846
1341848022.314757 0.5199239 -1.9968019 4.4506397 0.0075665 0.8881940 0.4482076 0.1008176
1341848022.554231 0.5886766 -2.0100367 4.4203944 0.0171779 0.8960238 0.4392288 0.0626453
1341848022.850799 0.6675410 -2.0142720 4.3871312 0.0144025 0.8958492 0.4440466 0.0083413
1341848022.918835 0.6782584 -2.0066986 4.3848453 -0.0075194 -0.8901041 -0.4556304 0.0076928
1341848023.218702 0.7769309 -1.9850528 4.3450074 -0.0006152 -0.8826518 -0.4612568 0.0903744
1341848023.454710 0.8448967 -1.9499376 4.3213010 0.0102002 -0.8665986 -0.4810233 0.1323610
1341848023.786854 0.9089051 -1.9181421 4.2609329 0.0121817 -0.8605882 -0.4763452 0.1798188
1341848024.054725 0.9465938 -1.8830955 4.1866336 0.0036431 -0.8540183 -0.4703427 0.2223000
1341848024.322705 0.9675839 -1.8618934 4.1271372 -0.0089117 -0.8429247 -0.4734255 0.2554737
1341848024.626657 1.0000701 -1.8190238 4.0704246 -0.0021655 -0.8274432 -0.4801030 0.2912630
1341848024.862797 1.0454133 -1.7777654 4.0297136 -0.0044894 -0.8170708 -0.4784661 0.3216293
1341848025.131056 1.1171463 -1.7483706 3.9990029 -0.0137469 -0.8076236 -0.4737761 0.3508439
1341848025.398825 1.1800001 -1.7209326 3.9661427 -0.0210767 -0.8001295 -0.4685512 0.3739097
1341848025.698755 1.2267931 -1.6954836 3.9266148 -0.0166890 -0.7886185 -0.4693862 0.3968361
1341848025.998679 1.2656283 -1.6643270 3.8852258 -0.0239446 -0.7789676 -0.4642920 0.4207957
1341848026.267001 1.3069839 -1.6308161 3.8469017 -0.0413847 -0.7667972 -0.4581376 0.4476823
1341848026.470839 1.3314257 -1.6086820 3.8189683 -0.0501937 -0.7592565 -0.4533471 0.4642052
1341848026.702795 1.3661747 -1.5849593 3.7840447 -0.0448684 -0.7555318 -0.4460615 0.4776899
1341848026.938881 1.4212122 -1.5605223 3.7513180 -0.0414140 -0.7519472 -0.4506363 0.4793614
1341848027.138671 1.4814534 -1.5413017 3.7267427 -0.0429568 -0.7498551 -0.4482880 0.4846752
1341848027.374943 1.5588439 -1.5305117 3.7044961 -0.0433101 -0.7500280 -0.4368411 0.4947243
1341848027.506714 1.6029770 -1.5239735 3.6890984 -0.0401161 -0.7572160 -0.4285142 0.4913147
1341848027.674731 1.6485157 -1.5170076 3.6708846 -0.0356267 -0.7648987 -0.4254009 0.4823846
1341848027.878669 1.6853399 -1.4976022 3.6374788 -0.0323804 -0.7672351 -0.4296765 0.4750578
1341848028.046706 1.7089851 -1.4819564 3.6080465 -0.0248704 -0.7709680 -0.4331952 0.4661885
1341848028.186050 1.7233672 -1.4735732 3.5739808 -0.0265904 -0.7740747 -0.4290876 0.4647420
1341848028.414628 1.7441814 -1.4509630 3.5230522 -0.0282313 -0.7746631 -0.4207141 0.4712746
1341848028.614649 1.7753212 -1.4243674 3.4757409 -0.0320621 -0.7741323 -0.4149733 0.4769575
1341848028.814757 1.8023720 -1.4040620 3.4240360 -0.0346758 -0.7740777 -0.4153284 0.4765538
1341848029.082877 1.8362026 -1.3765213 3.3636341 -0.0345214 -0.7720351 -0.4194858 0.4762370
1341848029.320225 1.8658385 -1.3521141 3.3238692 -0.0280413 -0.7642250 -0.4263666 0.4830998
1341848029.655302 1.9344993 -1.3210781 3.2668176 -0.0306014 -0.7546821 -0.4137023 0.5082999
1341848029.854811 1.9851205 -1.3039336 3.2395201 -0.0327576 -0.7455094 -0.4080033 0.5260000
1341848030.090782 2.0381520 -1.2798909 3.2121329 -0.0363931 -0.7341433 -0.4038038 0.5446575
1341848030.358886 2.0771616 -1.2543395 3.1771030 -0.0353291 -0.7159585 -0.4049661 0.5675893
1341848030.565795 2.0972264 -1.2273540 3.1470134 -0.0353769 -0.7038975 -0.4028213 0.5839621
1341848030.827483 2.1272957 -1.1945426 3.0939336 -0.0399737 -0.6914392 -0.3853247 0.6097860
1341848031.026698 2.1583257 -1.1748619 3.0449038 -0.0510455 -0.6837985 -0.3635783 0.6305749
1341848031.230953 2.1884828 -1.1538762 2.9944313 -0.0614207 -0.6818181 -0.3515474 0.6385655
1341848031.472150 2.2135935 -1.1391295 2.9464023 -0.0631137 -0.6760469 -0.3489324 0.6459283
1341848031.698757 2.2412498 -1.1273029 2.9155810 -0.0574566 -0.6632993 -0.3440398 0.6620947
1341848031.866735 2.2680645 -1.1191092 2.8949263 -0.0543674 -0.6543216 -0.3322904 0.6771193
1341848032.034711 2.2949359 -1.1083047 2.8666043 -0.0501849 -0.6440283 -0.3237994 0.6912763
1341848032.266730 2.3402312 -1.0840006 2.8289576 -0.0496987 -0.6366739 -0.3196247 0.7000117
1341848032.570910 2.3835633 -1.0607648 2.7840052 -0.0455655 -0.6291139 -0.3101871 0.7112830
1341848032.702791 2.4016473 -1.0532814 2.7570076 -0.0389360 -0.6315839 -0.3041407 0.7120984
1341848032.970816 2.4304748 -1.0246196 2.6988544 -0.0388242 -0.6302152 -0.3013844 0.7144850
1341848033.206854 2.4316885 -1.0014424 2.6509807 -0.0407395 -0.6213207 -0.2905417 0.7265580
1341848033.542876 2.4369776 -0.9664646 2.5824888 -0.0430581 -0.6051537 -0.2835518 0.7426530
1341848033.911229 2.4471931 -0.9441646 2.5213070 -0.0488547 -0.5920555 -0.2702718 0.7576521
1341848034.110771 2.4589438 -0.9392951 2.4972649 -0.0383912 -0.5737643 -0.2523483 0.7782294
1341848034.485678 2.5021186 -0.9197124 2.4376941 -0.0360766 -0.5460896 -0.2230106 0.8066913
1341848034.782798 2.5448008 -0.8723083 2.3741403 -0.0415126 -0.5406060 -0.2262755 0.8092102
1341848035.218946 2.5641627 -0.8154556 2.3084636 -0.0456717 -0.5246075 -0.2298091 0.8184674
1341848035.550852 2.5571837 -0.7865754 2.2384682 -0.0520291 -0.5203949 -0.2098075 0.8261132
1341848035.886689 2.5425520 -0.7540941 2.1677139 -0.0614027 -0.4997433 -0.1881117 0.8432676
1341848036.290758 2.5206118 -0.7169440 2.0885181 -0.0665075 -0.4863487 -0.1785654 0.8527344
1341848036.626802 2.4996467 -0.6857498 2.0128341 -0.0614025 -0.4716930 -0.1708666 0.8628674
1341848036.826992 2.4946790 -0.6615753 1.9512117 -0.0519111 -0.4630365 -0.1545780 0.8712107
1341848037.061042 2.4836617 -0.6353756 1.8747561 -0.0437777 -0.4514456 -0.1417446 0.8798800
1341848037.227032 2.4805174 -0.6172074 1.8136210 -0.0248095 -0.4561886 -0.1310459 0.8798315
1341848037.462765 2.4640119 -0.5896870 1.7394276 -0.0077612 -0.4616736 -0.1300712 0.8774273
1341848037.769764 2.4252167 -0.5530759 1.6679045 -0.0026228 -0.4486580 -0.1355114 0.8833662
1341848037.966864 2.3903022 -0.5235479 1.6259587 -0.0135246 -0.4305062 -0.1276267 0.8934164
1341848038.198711 2.3469229 -0.4957905 1.5851864 -0.0276696 -0.4079715 -0.1260419 0.9038292
1341848038.566862 2.2867384 -0.4676562 1.5089440 -0.0180837 -0.3888891 -0.1222038 0.9129646
1341848038.838770 2.2551241 -0.4350228 1.4362320 -0.0119009 -0.3849289 -0.1197192 0.9150713
1341848039.106775 2.2425218 -0.3934878 1.3602717 -0.0154790 -0.3647225 -0.1061894 0.9249118
1341848039.438853 2.2292085 -0.3494841 1.2796748 -0.0153106 -0.3497452 -0.0969034 0.9316939
1341848039.775334 2.1842678 -0.3145754 1.2202376 -0.0091410 -0.3330808 -0.1020508 0.9373149
1341848040.178810 2.1067288 -0.2694364 1.1494917 -0.0169977 -0.3080146 -0.0864069 0.9472972
1341848040.517796 2.0369387 -0.2565103 1.0927730 -0.0259097 -0.2863212 -0.0621653 0.9557638
1341848040.714653 2.0041785 -0.2515509 1.0648760 -0.0179995 -0.2693895 -0.0569441 0.9611778
1341848041.094347 1.9387491 -0.2233733 1.0160908 -0.0101043 -0.2127206 -0.0282606 0.9766520
1341848041.418768 1.8691254 -0.1980961 0.9954367 -0.0305018 -0.1787940 -0.0041889 0.9834047
1341848041.718789 1.7868699 -0.1869323 0.9903159 -0.0357543 -0.1449619 0.0043948 0.9887813
1341848041.918718 1.7152131 -0.1925749 0.9902455 -0.0335185 -0.1364011 0.0235575 0.9898062
1341848042.089498 1.6676255 -0.2016116 0.9840893 -0.0351033 -0.1262302 0.0380427 0.9906495
1341848042.290694 1.6092142 -0.2102188 0.9957212 -0.0365020 -0.1074061 0.0417889 0.9926658
1341848042.558691 1.5282562 -0.2059709 1.0063250 -0.0452583 -0.0756222 0.0617286 0.9941944
1341848042.761637 1.4694949 -0.1949311 1.0052813 -0.0433154 -0.0487999 0.0870194 0.9940674
1341848042.997994 1.4118596 -0.1876888 1.0023780 -0.0465091 -0.0147888 0.1041723 0.9933612
1341848043.433949 1.2942541 -0.1961127 1.0241839 -0.0459096 0.0238792 0.1212590 0.9912711
1341848043.701979 1.2153301 -0.2182433 1.0577550 -0.0505302 0.0384960 0.1361739 0.9886463
1341848043.869697 1.1709758 -0.2337570 1.0852914 -0.0527414 0.0485700 0.1439797 0.9869798
1341848044.137722 1.1068538 -0.2617766 1.1266278 -0.0575040 0.0556646 0.1462472 0.9860054
1341848044.337838 1.0658629 -0.2747836 1.1517771 -0.0606423 0.0676811 0.1497115 0.9845447
1341848044.705966 1.0089693 -0.2920583 1.2073064 -0.0646770 0.1100529 0.1892637 0.9735936
1341848044.902692 0.9596823 -0.3024369 1.2311138 -0.0567079 0.1300692 0.2068095 0.9680372
1341848045.138762 0.9131899 -0.3114637 1.2573591 -0.0638156 0.1362569 0.2167143 0.9645707
1341848045.370799 0.8713611 -0.3329508 1.3060145 -0.0663631 0.1447775 0.2137191 0.9638255
1341848045.645890 0.8218910 -0.3577830 1.3663008 -0.0692009 0.1393823 0.2100962 0.9652168
1341848045.874777 0.7797499 -0.3722426 1.4262375 -0.0696681 0.1303948 0.1986958 0.9688465
1341848046.110817 0.7388678 -0.3843855 1.4756643 -0.0700233 0.1078735 0.1814216 0.9749596
1341848046.382309 0.6851984 -0.3843025 1.5073205 -0.0732681 0.0900105 0.1576254 0.9806550
1341848046.653748 0.6144665 -0.3764544 1.5141331 -0.0773141 0.0829154 0.1419852 0.9833553
1341848046.846853 0.5671896 -0.3602217 1.4961104 -0.0683959 0.0715341 0.1360487 0.9857462
1341848047.147565 0.4891023 -0.3357004 1.4655544 -0.0700876 0.0692751 0.1335473 0.9861308
1341848047.350637 0.4293291 -0.3251587 1.4447553 -0.0703479 0.0622142 0.1254862 0.9876405
1341848047.582955 0.3697416 -0.3197264 1.4152900 -0.0642537 0.0426919 0.1176089 0.9900591
1341848047.850811 0.2995948 -0.3210750 1.4000353 -0.0641170 0.0396522 0.1100349 0.9910646
1341848048.186720 0.2180003 -0.3274000 1.3893261 -0.0600582 0.0463665 0.1104811 0.9909778
1341848048.554990 0.1276791 -0.3474914 1.3735793 -0.0470407 0.0667967 0.1127383 0.9902603
1341848049.026707 0.0319428 -0.3709369 1.3418452 -0.0086052 0.0673748 0.1046095 0.9921913
1341848049.358802 -0.0467442 -0.3602587 1.3050475 0.0125254 0.0653047 0.0950032 0.9932536
1341848049.695064 -0.1388466 -0.3437665 1.2650619 0.0208021 0.0728884 0.1061316 0.9914588
1341848049.869834 -0.1901255 -0.3263491 1.2398401 0.0192073 0.0606086 0.1020775 0.9927426
1341848050.130710 -0.2697642 -0.3190484 1.2211938 0.0164874 0.0468182 0.0899523 0.9947084
1341848050.398693 -0.3307593 -0.3041614 1.2076470 0.0139810 0.0250139 0.0667883 0.9973556
1341848050.734789 -0.4140150 -0.3043333 1.1978264 0.0175586 -0.0036810 0.0428608 0.9989200
1341848050.934794 -0.4566204 -0.3107569 1.1909471 0.0173529 -0.0277865 0.0278005 0.9990765
1341848051.270842 -0.5207791 -0.3185076 1.1787183 0.0256853 -0.0570543 0.0119090 0.9979696
1341848051.538932 -0.5434760 -0.3198196 1.1690973 0.0431649 -0.0831434 -0.0098555 0.9955536
1341848051.706714 -0.5586725 -0.3063078 1.1552141 0.0604338 -0.1053996 -0.0388840 0.9918300
1341848051.838757 -0.5578441 -0.3017920 1.1515779 0.0686836 -0.1255138 -0.0664072 0.9874811
1341848052.042751 -0.5450060 -0.2833895 1.1357892 0.0645232 -0.1325928 -0.0933259 0.9846554
1341848052.342876 -0.4964970 -0.2572736 1.1001532 0.0603060 -0.1147501 -0.1221784 0.9840061
1341848052.710822 -0.4267049 -0.2273428 1.0490317 0.0647366 -0.0947123 -0.1482723 0.9822699
1341848052.846856 -0.3976281 -0.2194047 1.0323812 0.0606694 -0.0893003 -0.1483704 0.9830213
1341848052.978684 -0.3622595 -0.2097461 1.0029982 0.0612967 -0.0763032 -0.1452919 0.9845359
1341848053.114846 -0.3292912 -0.2059214 0.9803293 0.0585176 -0.0578157 -0.1383747 0.9869577
1341848053.421775 -0.2686767 -0.1916903 0.9394507 0.0622831 -0.0212545 -0.1092754 0.9918306
1341848053.589737 -0.2420643 -0.1743195 0.9210557 0.0542065 0.0008278 -0.0868877 0.9947420
1341848054.186687 -0.2250914 -0.1693576 0.8335955 0.0303881 0.0688774 0.0298652 0.9967149
1341848055.226768 -0.2969568 -0.1321182 0.6073349 0.0529715 0.1231012 0.0921603 0.9866847
1341848056.230727 -0.5236567 -0.0453226 0.4333256 0.0592825 0.1787412 0.1343622 0.9728740
1341848056.902748 -0.7960025 -0.0625291 0.4583293 0.0277050 0.1407896 0.1494036 0.9783095
1341848057.470699 -0.9928838 -0.0613146 0.4874644 -0.0031949 0.1712596 0.1459518 0.9743501
1341848057.975316 -1.2007711 -0.0564585 0.5019267 -0.0112601 0.2006016 0.1895831 0.9610882
1341848058.442794 -1.3740288 -0.1021443 0.5545356 0.0046074 0.1835150 0.1766384 0.9670057
1341848058.879577 -1.4578385 -0.1376197 0.6186510 0.0122487 0.2069709 0.1980409 0.9580150
1341848060.050701 -1.5126537 -0.1578845 0.6365505 0.0514569 0.2761538 0.2033491 0.9379448
1341848061.290885 -1.4008487 -0.1552903 0.6127744 0.0985351 0.2695338 0.1628215 0.9439976
1341848064.045815 -0.9782123 -0.1552986 0.6600567 0.0669611 0.1867109 0.1178102 0.9730241
1341848064.617693 -0.7646030 -0.1980905 0.7171964 0.0733487 0.1836221 0.1095028 0.9741212
1341848065.414914 -0.5649723 -0.1764181 0.7037251 0.0789266 0.1527634 0.1134304 0.9785538
1341848067.390706 -0.1813176 -0.1888552 0.7434525 0.0805431 0.0563551 0.0247261 0.9948495
