1305031452.791720 0.0000000 0.0000000 0.0000000 -0.0000000 -0.0000000 -0.0000000 1.0000000
1305031452.891726 0.0247849 0.0033335 -0.0125353 -0.0001972 0.0148376 0.0448575 0.9988832
1305031452.923715 0.0278621 0.0032469 -0.0142600 -0.0045725 0.0178577 0.0496931 0.9985944
1305031452.991647 0.0277283 0.0020740 -0.0139293 -0.0047238 0.0286640 0.0482802 0.9984113
1305031453.059754 0.0288623 0.0047065 -0.0216777 -0.0035820 0.0551772 0.0488533 0.9972743
1305031453.191726 0.0449917 0.0122892 -0.0482678 -0.0021364 0.1009892 0.0501844 0.9936187
1305031453.291696 0.0363490 0.0159797 -0.0626170 -0.0029895 0.1400172 0.0593551 0.9883639
1305031453.391690 0.0286461 0.0370475 -0.0902906 0.0078705 0.1701340 0.0862481 0.9816078
1305031453.523684 0.0230737 0.0538710 -0.1341118 0.0278404 0.1921813 0.1202176 0.9735702
1305031453.659600 -0.0070489 0.0780444 -0.1900610 0.0589014 0.1965628 0.1284134 0.9702596
1305031453.827773 -0.0629614 0.1154278 -0.2407023 0.0813890 0.1628298 0.0940768 0.9787808
1305031453.991624 -0.1374294 0.1327512 -0.2532317 0.0766856 0.0939702 0.0555683 0.9910606
1305031454.127701 -0.1986965 0.1352317 -0.2432009 0.0788241 0.0524942 0.0033964 0.9954997
1305031454.259627 -0.2399139 0.1400637 -0.2404769 0.0790978 -0.0080553 -0.0600756 0.9950224
1305031454.359636 -0.2730360 0.1413190 -0.2351431 0.0791512 -0.0341215 -0.1048303 0.9907479
1305031454.459913 -0.2925481 0.1509504 -0.2348334 0.0804034 -0.0648651 -0.1494962 0.9833508
1305031454.591635 -0.3209029 0.1781541 -0.2324111 0.0711766 -0.0916971 -0.2129704 0.9701387
1305031454.727659 -0.3179047 0.2031798 -0.2399104 0.0530179 -0.1495985 -0.2415204 0.9573283
1305031454.827570 -0.3004853 0.2220437 -0.2429498 0.0412392 -0.1629594 -0.2196480 0.9609882
1305031455.027799 -0.3114193 0.2778244 -0.2536926 0.0292571 -0.1357411 -0.1794906 0.9739104
1305031455.191655 -0.3568640 0.3187266 -0.2619038 0.0289632 -0.1110004 -0.1642717 0.9797218
1305031455.291831 -0.3920248 0.3398920 -0.2637618 0.0213922 -0.0948281 -0.1407757 0.9852574
1305031455.391665 -0.4270805 0.3568260 -0.2659089 0.0018524 -0.0818740 -0.1120357 0.9903238
1305031455.527610 -0.4954107 0.3584513 -0.2760380 -0.0151516 -0.0574429 -0.0660366 0.9960471
1305031455.959716 -0.7167153 0.3051403 -0.3507472 -0.0118034 -0.0068948 -0.0340944 0.9993252
1305031456.059713 -0.7560338 0.2959817 -0.3616473 -0.0298623 0.0119409 -0.0460341 0.9984220
1305031456.191658 -0.7963920 0.2497951 -0.3623313 -0.0423815 0.0355679 -0.0491331 0.9972586
1305031456.327718 -0.8375983 0.2260800 -0.3488712 -0.0350319 0.0827354 -0.0334643 0.9953933
1305031456.491677 -0.9031089 0.2331780 -0.3041176 -0.0210771 0.1331731 -0.0064869 0.9908475
1305031456.627612 -0.9280682 0.2439372 -0.2600163 -0.0345578 0.1393719 0.0212371 0.9894090
1305031456.959667 -1.0196528 0.2466476 -0.1292877 -0.0450112 0.1596597 0.0950202 0.9815569
1305031457.159693 -1.0812230 0.2306972 -0.0884647 -0.0689753 0.1953353 0.1247050 0.9703274
1305031457.259691 -1.1163324 0.2090479 -0.0862439 -0.0729449 0.2163981 0.1435791 0.9629309
1305031457.359712 -1.1624076 0.2021931 -0.0946358 -0.0604566 0.2476729 0.1575011 0.9540422
1305031457.459614 -1.2194980 0.1835013 -0.0975101 -0.0494215 0.2754778 0.1750431 0.9439436
1305031457.591678 -1.2803442 0.1516669 -0.1104751 -0.0380910 0.2923663 0.1865108 0.9371685
1305031457.727669 -1.3314850 0.1117667 -0.1115950 -0.0431657 0.2988836 0.1959833 0.9329501
1305031457.859623 -1.3771424 0.0690018 -0.1157024 -0.0258905 0.3235050 0.1902986 0.9265316
1305031458.127605 -1.4711511 -0.0035479 -0.0525823 0.0180026 0.3658620 0.1937136 0.9101077
1305031458.291664 -1.5161309 -0.0586757 0.0421382 0.0157933 0.3690552 0.1977119 0.9079972
1305031458.491696 -1.4944966 -0.1115671 0.1190473 0.0715480 0.3696606 0.2118389 0.9018627
1305031458.627659 -1.5169252 -0.0499675 0.2257296 0.1184641 0.4072179 0.1803949 0.8874669
1305031458.727650 -1.5050120 -0.0561305 0.2846147 0.1027306 0.3784406 0.1698303 0.9040945
1305031458.827564 -1.4811337 -0.0321843 0.3230232 0.1045972 0.3388007 0.1466727 0.9234504
1305031458.959617 -1.4756626 -0.0420127 0.3535121 0.1027990 0.3470487 0.1562607 0.9190060
1305031459.059631 -1.5017455 -0.0925333 0.4022684 0.1186783 0.3508473 0.1633290 0.9144098
1305031459.191674 -1.5553916 -0.1315606 0.4678766 0.1650122 0.2850666 0.1761102 0.9276277
1305031459.259760 -1.5431001 -0.1197025 0.4929751 0.1763380 0.2644835 0.1934844 0.9281795
1305031459.327632 -1.5471799 -0.1222059 0.5014095 0.1746567 0.2890991 0.2272772 0.9133794
1305031459.427646 -1.5735357 -0.0973413 0.5283391 0.1789154 0.3606281 0.3109539 0.8609554
1305031459.627608 -1.6380056 -0.1034790 0.6296548 0.1804784 0.4519318 0.4496728 0.7489857
1305031459.727551 -1.6614813 -0.1304594 0.6629799 0.1673834 0.4768361 0.4600405 0.7300500
1305031460.059659 -1.7032890 -0.2906944 0.7558788 0.1476481 0.4822617 0.4744689 0.7214589
1305031460.159678 -1.7041161 -0.3383845 0.7752166 0.1671996 0.4633501 0.4934296 0.7168530
1305031460.359630 -1.6708040 -0.3902509 0.7986888 0.1677852 0.4828354 0.5068421 0.6941392
1305031460.427477 -1.6590763 -0.4120307 0.8053015 0.1611174 0.4991557 0.5159646 0.6772483
1305031460.559647 -1.6385759 -0.4473882 0.8199040 0.1381150 0.5332190 0.5417519 0.6349068
1305031460.659764 -1.6248320 -0.4810829 0.8389461 0.1249098 0.5566440 0.5449376 0.6144819
1305031460.859714 -1.5896683 -0.5368768 0.8810391 0.0937931 0.5756692 0.5454705 0.6018885
1305031460.959649 -1.5583076 -0.5683259 0.8956569 0.0732086 0.5802547 0.5501140 0.5960869
1305031461.059662 -1.5295565 -0.5965897 0.9076793 0.0752966 0.5877734 0.5494343 0.5890457
1305031461.159720 -1.4953994 -0.6190833 0.9123648 0.0693956 0.5867634 0.5486175 0.5915334
1305031461.259642 -1.4727802 -0.6306590 0.9213633 0.0696918 0.5915019 0.5382727 0.5962642
1305031461.359709 -1.4566246 -0.6270875 0.9333002 0.0652591 0.5997615 0.5243296 0.6009209
1305031461.491677 -1.4158200 -0.6361785 0.9242421 0.0466577 0.5943698 0.5336051 0.5998443
1305031461.591690 -1.4149449 -0.6240469 0.9089568 0.0482153 0.6023632 0.5234979 0.6006528
1305031461.691563 -1.4187882 -0.6064296 0.9055868 0.0439295 0.6115971 0.5262166 0.5891650
1305031461.891723 -1.4539634 -0.5369912 0.8915083 0.0519609 0.6149612 0.5525241 0.5602142
1305031462.027675 -1.4840863 -0.4889593 0.8924367 0.0429371 0.6111729 0.5820133 0.5346818
1305031462.127739 -1.5008903 -0.4636807 0.8930191 0.0510234 0.5911282 0.6119809 0.5229182
1305031462.227633 -1.5171182 -0.4496950 0.8992740 0.0405516 0.5853779 0.6218721 0.5186167
1305031462.359732 -1.5406082 -0.4335356 0.9215319 0.0102993 0.5789437 0.6169885 0.5329571
1305031462.492008 -1.5731401 -0.4107088 0.9454769 -0.0208814 0.5530241 0.6123265 0.5646101
1305031462.659660 -1.6159878 -0.3983855 0.9435219 -0.0442941 0.5314202 0.5876138 0.6085562
1305031462.791943 -1.6656868 -0.3763826 0.9320399 -0.0473749 0.5177336 0.5535635 0.6505958
1305031462.927607 -1.7148135 -0.3398840 0.8951763 -0.0499688 0.5039532 0.5400636 0.6722095
1305031463.127550 -1.7640562 -0.2959247 0.8218857 -0.0355430 0.4887941 0.5015785 0.7129068
1305031463.295737 -1.7976818 -0.2453250 0.7613769 -0.0245555 0.4856048 0.4674876 0.7382685
1305031463.459756 -1.8005311 -0.1929568 0.6961401 -0.0135797 0.4691681 0.4507955 0.7592630
1305031463.627588 -1.7871705 -0.1555673 0.6105866 -0.0140347 0.4644426 0.4498318 0.7627237
1305031463.827761 -1.7697170 -0.1241542 0.4867240 -0.0030297 0.4693013 0.4144049 0.7797537
1305031464.027703 -1.7562504 -0.1367408 0.3608237 -0.0051225 0.4653447 0.3695453 0.8042788
1305031464.259644 -1.7639010 -0.1658183 0.2552623 0.0286081 0.4420134 0.3279930 0.8344017
1305031464.495633 -1.7330582 -0.1584232 0.1184310 0.0428324 0.3918445 0.2799788 0.8753486
1305031464.759740 -1.7108378 -0.1925389 -0.0272574 0.0606334 0.4370928 0.1632688 0.8823926
1305031465.095700 -1.5856142 -0.1347504 -0.0413124 0.0642756 0.3510016 -0.0181183 0.9339905
1305031465.427697 -1.3818802 -0.0179829 -0.0335783 0.0087295 0.2093339 0.0200085 0.9776005
1305031465.759766 -1.2039745 0.1651401 -0.1399944 0.0831018 0.1213975 0.0933554 0.9847038
1305031466.059757 -1.0711867 0.3860568 -0.2121270 0.1501954 0.1339392 0.1010882 0.9743115
1305031466.395784 -0.9871585 0.5145919 -0.3494076 0.1014230 0.1198855 0.0695453 0.9851418
1305031466.728074 -0.8447409 0.6257386 -0.4558995 0.0845376 0.1073653 0.0330416 0.9900678
1305031467.027843 -0.7183872 0.6762512 -0.5304803 0.0952420 0.0474837 -0.0017308 0.9943195
1305031467.295846 -0.6195936 0.7076821 -0.5827585 0.0977408 0.0140592 -0.0529025 0.9937054
1305031467.527663 -0.5323440 0.7419508 -0.6362718 0.0817434 -0.0321025 -0.0828808 0.9926823
1305031467.759907 -0.4416786 0.7187707 -0.6484227 0.0997777 -0.0564271 -0.0926297 0.9890805
1305031467.959826 -0.3703025 0.6655003 -0.6025630 0.1280589 -0.0899689 -0.1021219 0.9823837
1305031468.159864 -0.3023908 0.6022180 -0.5305771 0.1353890 -0.1071504 -0.1190007 0.9777666
1305031468.359787 -0.2260874 0.4940393 -0.4835657 0.1276343 -0.1063921 -0.1152975 0.9793348
1305031468.627626 -0.1919046 0.3490651 -0.4658486 0.1079442 -0.1044503 -0.1348290 0.9794179
1305031468.859659 -0.2015039 0.2335196 -0.4542349 0.1224051 -0.1273098 -0.1600765 0.9711770
1305031469.127679 -0.2066585 0.1760516 -0.4041489 0.0340889 -0.1019250 -0.1851486 0.9768159
1305031469.359592 -0.2097803 0.1445132 -0.3298129 -0.0183015 -0.0650368 -0.2071487 0.9759737
1305031469.595755 -0.2137509 0.1788588 -0.2422033 -0.0397216 -0.0284977 -0.2242187 0.9733119
1305031469.859574 -0.2424262 0.2558931 -0.1458994 -0.0883380 -0.0093219 -0.2038546 0.9749630
1305031470.127633 -0.3255961 0.3593140 -0.0902046 -0.1047268 -0.0149873 -0.1844495 0.9771315
1305031470.359624 -0.4174418 0.4288582 -0.0720708 -0.1349520 -0.0155371 -0.1589924 0.9778895
1305031470.527689 -0.4879868 0.4681487 -0.0678980 -0.1347924 -0.0174279 -0.1527860 0.9788686
1305031470.695630 -0.5439811 0.4889501 -0.0590963 -0.1437712 -0.0148175 -0.1358258 0.9801335
1305031470.859645 -0.5913513 0.4960667 -0.0495495 -0.1402031 -0.0041870 -0.1185925 0.9829860
1305031470.995996 -0.6305236 0.4912388 -0.0492452 -0.1159067 -0.0066031 -0.1067060 0.9874897
1305031471.159649 -0.6724688 0.4753617 -0.0546015 -0.0825263 0.0049874 -0.0837038 0.9930550
1305031471.359615 -0.7037237 0.4652932 -0.0565140 -0.0755029 0.0277596 -0.0585167 0.9950400
1305031471.527624 -0.7329010 0.4591198 -0.0602583 -0.0692371 0.0434554 -0.0334389 0.9960922
1305031471.895604 -0.7618436 0.4687473 -0.0779906 -0.0699672 0.0920995 0.0211220 0.9930640
1305031472.127594 -0.7900458 0.4854837 -0.0680210 -0.0868375 0.1331221 0.0472601 0.9861563
1305031472.463603 -0.8068994 0.4671258 -0.0649236 -0.0724432 0.1374044 0.0613093 0.9859580
1305031472.763578 -0.7922750 0.4413416 -0.0669205 -0.0595161 0.1351334 0.0672507 0.9867493
1305031472.995704 -0.7862821 0.4338804 -0.0609312 -0.0522431 0.1343056 0.0718625 0.9869491
