1341847980.722988 0.0000000 0.0000000 0.0000000 -0.0000000 -0.0000000 -0.0000000 1.0000000
1341847982.130710 -0.2379041 0.0147447 0.1086286 0.0042582 0.0283323 0.0044821 0.9995795
1341847982.162730 -0.2364139 0.0244634 0.1050341 0.0092589 0.0258052 0.0053051 0.9996101
1341847982.530757 -0.2737287 0.0198221 0.1006485 0.0146059 0.0392221 0.0143564 0.9990206
1341847982.934803 -0.3728085 0.0195749 0.1224701 0.0120257 0.0637080 0.0270702 0.9975289
1341847983.234717 -0.4654730 0.0145814 0.1306541 0.0068717 0.0632021 0.0317969 0.9974704
1341847983.670715 -0.6110466 -0.0035463 0.1397992 0.0044096 0.0851809 0.0295327 0.9959180
1341847983.870712 -0.6942088 0.0119312 0.1239328 0.0187529 0.0860722 0.0381589 0.9953812
1341847984.074737 -0.7766397 0.0242573 0.1215823 0.0136131 0.0924709 0.0378582 0.9949023
1341847984.238670 -0.8385687 0.0445149 0.1396388 0.0039163 0.0962993 0.0352564 0.9947201
1341847984.442894 -0.9117011 0.0403859 0.1851669 -0.0086594 0.0928705 0.0401821 0.9948294
1341847984.743352 -0.9908243 0.0191940 0.2848531 -0.0018554 0.0967822 0.0414638 0.9944398
1341847984.979236 -1.0379597 -0.0167133 0.3721391 0.0020671 0.0946742 0.0561280 0.9939226
1341847985.246735 -1.0656062 -0.0681124 0.4701215 -0.0051056 0.1154175 0.0616407 0.9913895
1341847985.614773 -1.1123495 -0.1290713 0.5991651 -0.0018086 0.1422830 0.0678041 0.9874993
1341847985.814703 -1.1366687 -0.1627171 0.6737116 0.0200230 0.1544852 0.0827943 0.9843162
1341847985.982712 -1.1668115 -0.1987464 0.7195216 0.0222750 0.1685914 0.0908708 0.9812356
1341847986.326156 -1.1942117 -0.2619056 0.8275838 0.0241593 0.1966669 0.1028862 0.9747579
1341847986.661920 -1.2053242 -0.3232578 0.9502385 0.0253193 0.2239625 0.1158962 0.9673509
1341847986.990631 -1.2188563 -0.3785521 1.0713276 0.0110911 0.2367193 0.1440262 0.9607796
1341847987.290653 -1.2293106 -0.4219975 1.1612269 -0.0035584 0.2635027 0.1495038 0.9529965
1341847987.490754 -1.2549343 -0.4295201 1.2341509 0.0152778 0.2991741 0.1446695 0.9430441
1341847987.826748 -1.3012788 -0.4255045 1.3368086 0.0276028 0.3176740 0.1740372 0.9316825
1341847988.065746 -1.3366184 -0.4458871 1.4105803 0.0370493 0.3218132 0.1670971 0.9312047
1341847988.333739 -1.3634248 -0.4511167 1.4727607 0.0393999 0.3271661 0.1693192 0.9288386
1341847988.769740 -1.4121916 -0.4574182 1.5403696 0.0303714 0.3394254 0.1867565 0.9214065
1341847989.034678 -1.4728298 -0.4775463 1.5558553 0.0228632 0.3501689 0.2012102 0.9145346
1341847989.166672 -1.5091370 -0.4983566 1.5698422 0.0271911 0.3520471 0.2018356 0.9135567
1341847989.266651 -1.5427294 -0.5135286 1.5740739 0.0327727 0.3466650 0.2002858 0.9157702
1341847989.502614 -1.6117084 -0.5485262 1.5781304 0.0200110 0.3463583 0.1750325 0.9214115
1341847989.870960 -1.7083807 -0.5836694 1.5889658 0.0133947 0.3656545 0.1702350 0.9149522
1341847990.106701 -1.8438474 -0.6029381 1.4621705 0.0158297 0.3521734 0.1697144 0.9202828
1341847990.374663 -1.9323642 -0.5977377 1.4275441 0.0252972 0.3359195 0.1725509 0.9256049
1341847990.742712 -2.0449491 -0.6143590 1.4402390 0.0199982 0.3402595 0.1925167 0.9201961
1341847991.246842 -2.1577320 -0.6595396 1.4945540 0.0225307 0.3692409 0.2052976 0.9060941
1341847991.578804 -2.2337556 -0.6944999 1.5487852 0.0213652 0.3816527 0.2346857 0.8937603
1341847991.982826 -2.2848129 -0.7558278 1.5871435 0.0205125 0.4221381 0.2532936 0.8701845
1341847992.418855 -2.3863215 -0.8160483 1.6672323 0.0224339 0.4557672 0.2632366 0.8499880
1341847992.718718 -2.4776115 -0.8602151 1.7245009 0.0222439 0.4710939 0.2755638 0.8376397
1341847993.054757 -2.5512712 -0.8985427 1.7912402 0.0168955 0.4832658 0.2822630 0.8285507
1341847993.390722 -2.5953407 -0.9507549 1.8731574 0.0192661 0.5019783 0.2892265 0.8148587
1341847993.590981 -2.6242995 -0.9809809 1.9352584 0.0222951 0.5112661 0.3035629 0.8037160
1341847993.790887 -2.6376741 -1.0130169 1.9977052 0.0066348 0.5189857 0.3082355 0.7972458
1341847994.034008 -2.6508899 -1.0672214 2.0535531 -0.0020217 0.5302436 0.3075290 0.7901035
1341847994.301751 -2.6884556 -1.1197839 2.1055298 0.0123386 0.5473149 0.3120771 0.7764676
1341847994.469690 -2.7188838 -1.1607625 2.1530287 0.0232438 0.5572117 0.3156739 0.7676750
1341847994.669750 -2.7597971 -1.2009354 2.2162290 0.0257304 0.5653246 0.3261539 0.7572117
1341847994.798790 -2.7864692 -1.2227955 2.2588618 0.0211869 0.5742905 0.3292033 0.7492441
1341847994.966673 -2.8023808 -1.2489263 2.3108928 0.0078561 0.5799689 0.3401731 0.7401733
1341847995.266776 -2.8221822 -1.2953042 2.3763964 0.0134796 0.6034989 0.3508869 0.7158810
1341847995.534752 -2.8338230 -1.3376856 2.4466004 0.0175948 0.6144596 0.3555016 0.7040941
1341847995.870641 -2.8282716 -1.3739330 2.5250332 0.0158590 0.6161299 0.3769420 0.6914095
1341847996.239003 -2.8323336 -1.4075752 2.5643280 0.0146546 0.6397991 0.3754202 0.6704491
1341847996.642752 -2.8626535 -1.4402120 2.6304183 0.0207003 0.6575990 0.3878870 0.6455065
1341847996.910785 -2.8760116 -1.4706810 2.6992760 0.0086499 0.6695782 0.3990937 0.6263501
1341847997.110693 -2.9081848 -1.5109324 2.7629583 0.0168931 0.6729721 0.3985965 0.6228515
1341847997.346642 -2.9221737 -1.5565782 2.8338685 0.0108475 0.6758265 0.3956304 0.6217856
1341847997.510941 -2.9230847 -1.5891857 2.8738739 0.0117458 0.6881448 0.3924005 0.6101972
1341847997.678842 -2.9040594 -1.6299388 2.9207008 0.0109561 0.6994352 0.3876029 0.6003619
1341847997.946999 -2.8760855 -1.6916025 3.0120840 0.0224646 0.7101343 0.3906192 0.5853386
1341847998.154051 -2.8533893 -1.7356452 3.0772514 0.0280311 0.7073467 0.3988411 0.5829244
1341847998.351206 -2.8303564 -1.7812030 3.1426830 0.0208003 0.7046272 0.3960613 0.5883905
1341847998.518722 -2.8162105 -1.8124650 3.2029543 0.0105069 0.6999917 0.3925163 0.5965168
1341847998.750838 -2.8067236 -1.8586993 3.2945178 0.0011870 0.6994964 0.3920682 0.5974829
1341847998.918666 -2.8069539 -1.8940547 3.3686805 -0.0003741 0.7019789 0.3970914 0.5912224
1341847999.122718 -2.7972376 -1.9190724 3.4443369 -0.0060030 0.6983829 0.4075021 0.5883599
1341847999.322701 -2.7783415 -1.9544055 3.5013320 0.0013473 0.7137166 0.4100569 0.5678558
1341847999.490878 -2.7711456 -1.9783051 3.5383606 0.0106255 0.7270401 0.4103135 0.5504023
1341847999.722697 -2.7172968 -2.0023050 3.5885308 0.0210941 0.7459667 0.4224424 0.5144231
1341847999.927117 -2.6624014 -2.0108562 3.6261358 0.0288220 0.7578192 0.4361437 0.4844152
1341848000.126737 -2.6031983 -2.0048602 3.6501822 0.0228783 0.7632346 0.4577989 0.4553787
1341848000.426772 -2.5251083 -1.9988263 3.6720448 0.0132014 0.7679024 0.4796110 0.4244113
1341848000.730805 -2.4357936 -1.9980030 3.6876271 0.0142092 0.7823868 0.4788240 0.3979907
1341848001.030740 -2.3344700 -2.0210161 3.7150779 0.0272412 0.7949259 0.4811557 0.3685648
1341848001.266775 -2.2526774 -2.0249662 3.7487268 0.0223070 0.8048571 0.4790458 0.3496035
1341848001.466720 -2.1854706 -2.0123105 3.7586875 0.0107761 0.8181228 0.4785700 0.3186373
1341848001.602899 -2.1466823 -1.9973810 3.7534029 0.0032072 0.8285112 0.4780420 0.2916071
1341848001.770725 -2.0912862 -1.9802752 3.7454126 0.0043353 0.8391024 0.4758065 0.2636220
1341848002.102720 -1.9894900 -1.9720497 3.7226007 0.0135044 0.8472051 0.4851430 0.2160958
1341848002.438766 -1.8857555 -1.9415283 3.6983426 0.0032975 0.8501217 0.4954176 0.1784478
1341848002.774760 -1.7983446 -1.8948777 3.7036178 -0.0114070 0.8447133 0.5113152 0.1577536
1341848002.943323 -1.7432719 -1.8782661 3.7113528 -0.0044654 0.8468298 0.5069949 0.1606723
1341848003.110641 -1.6904088 -1.8680446 3.7106342 -0.0089369 0.8471923 0.5021928 0.1731694
1341848003.342708 -1.6149915 -1.8536637 3.7156465 -0.0286556 0.8497739 0.4955526 0.1774566
1341848003.546854 -1.5486917 -1.8361404 3.7278099 -0.0364607 0.8468943 0.4875477 0.2091363
1341848003.753761 -1.4857152 -1.8227344 3.7272990 -0.0415187 0.8426808 0.4793397 0.2416583
1341848003.921688 -1.4397763 -1.8018520 3.7118745 -0.0434647 0.8371707 0.4774101 0.2633170
1341848004.121698 -1.3843951 -1.7644384 3.6843498 -0.0407144 0.8310639 0.4762498 0.2843613
1341848004.289843 -1.3330781 -1.7362828 3.6687686 -0.0432667 0.8242770 0.4750032 0.3050696
1341848004.457752 -1.2878344 -1.7077529 3.6694450 -0.0534633 0.8141484 0.4700604 0.3366707
1341848004.657882 -1.2410047 -1.6819749 3.6722994 -0.0632176 0.7987776 0.4764927 0.3618186
1341848005.057739 -1.1848831 -1.6520994 3.6738925 -0.0735777 0.7730555 0.4855094 0.4015621
1341848005.661802 -1.1236730 -1.6463704 3.7068181 -0.0744791 0.7444544 0.4773926 0.4608003
1341848006.097854 -1.0772548 -1.6689062 3.7272980 -0.0635645 0.7276239 0.4591011 0.5057165
1341848006.366035 -1.0595045 -1.6819339 3.7531872 -0.0430090 0.7215431 0.4394132 0.5333309
1341848006.837619 -1.0006633 -1.7267045 3.8107808 -0.0351806 0.7163793 0.4386990 0.5413929
1341848007.205747 -0.9771838 -1.7945340 3.8803380 -0.0233766 0.7353128 0.4471709 0.5087305
1341848007.434791 -0.9613261 -1.8491265 3.9262452 -0.0164115 0.7416045 0.4523868 0.4950753
1341848007.666675 -0.9474549 -1.8981056 3.9844193 -0.0145332 0.7501613 0.4564153 0.4782591
1341848007.834962 -0.9197240 -1.9287963 4.0064473 -0.0100388 0.7568787 0.4682215 0.4558535
1341848008.070825 -0.8797188 -1.9687670 4.0508299 -0.0052201 0.7677166 0.4837287 0.4202267
1341848008.302748 -0.8325152 -1.9962925 4.1013083 -0.0049842 0.7750795 0.4973356 0.3897232
1341848008.538786 -0.7795887 -2.0373940 4.1373911 -0.0012749 0.7803344 0.5113614 0.3599808
1341848008.806865 -0.7297425 -2.0815072 4.1733613 0.0032299 0.7881097 0.5176830 0.3329822
1341848009.142732 -0.6713088 -2.1141226 4.2238045 -0.0060287 0.7991693 0.5207269 0.3002259
1341848009.310898 -0.6368191 -2.1202753 4.2488775 -0.0059236 0.8054503 0.5315798 0.2619878
1341848009.710835 -0.5289679 -2.1262519 4.2945266 -0.0173234 0.8104532 0.5387080 0.2294760
1341848009.914782 -0.4628522 -2.1152723 4.3075895 -0.0161854 0.8116171 0.5369741 0.2295092
1341848010.214739 -0.3722599 -2.0724468 4.2624836 -0.0158693 0.8092188 0.5437131 0.2220119
1341848010.414692 -0.3187165 -2.0432155 4.2044964 -0.0121634 0.8070279 0.5530010 0.2067556
1341848010.618690 -0.2799292 -2.0233803 4.1482573 -0.0148118 0.8051192 0.5626117 0.1871679
1341848010.782711 -0.2618155 -2.0165575 4.1018658 -0.0144473 0.8048049 0.5678455 0.1721387
1341848011.086749 -0.2387335 -2.0006073 4.0598793 -0.0105124 0.8104452 0.5675793 0.1446438
1341848011.654892 -0.1880934 -1.9613700 4.0158491 -0.0133730 0.8161728 0.5717666 0.0822565
1341848012.058861 -0.1898943 -1.8993812 3.9596846 -0.0149254 0.8106104 0.5834000 0.0482970
1341848012.258713 -0.1810372 -1.8549180 3.9121532 -0.0209830 0.8054358 0.5901568 0.0504759
1341848012.458805 -0.1762439 -1.8025177 3.8590314 -0.0376721 0.7983585 0.5973372 0.0662792
1341848012.662763 -0.1541039 -1.7608335 3.8130996 -0.0530008 0.7947311 0.5990237 0.0822434
1341848012.794727 -0.1359155 -1.7385099 3.7955234 -0.0625711 0.7919744 0.5986001 0.1026611
1341848012.994842 -0.1227922 -1.7105587 3.7738051 -0.0825581 0.7910889 0.5886101 0.1445708
1341848013.162759 -0.1053092 -1.6918638 3.7725286 -0.0861344 0.7874629 0.5845701 0.1753876
1341848013.330754 -0.0970888 -1.6786449 3.7778306 -0.0806949 0.7786330 0.5857595 0.2100117
1341848013.498782 -0.0719094 -1.6690621 3.7941694 -0.0890621 0.7660499 0.5871139 0.2460343
1341848013.634812 -0.0513077 -1.6707790 3.8094029 -0.0953726 0.7590857 0.5814520 0.2767788
1341848013.802717 -0.0283303 -1.6716706 3.8248420 -0.0962311 0.7585907 0.5627981 0.3139077
1341848013.966740 -0.0065436 -1.6669688 3.8363700 -0.0986907 0.7513292 0.5543990 0.3441021
1341848014.170724 0.0298276 -1.6542507 3.8532715 -0.1091073 0.7355438 0.5447735 0.3876760
1341848014.302738 0.0762053 -1.6481614 3.8692131 -0.1148311 0.7247865 0.5377878 0.4150695
1341848014.470783 0.1246958 -1.6345460 3.9082856 -0.1191375 0.7132141 0.5150155 0.4603162
1341848014.638688 0.1715598 -1.6406300 3.9414656 -0.1179550 0.7009559 0.4929632 0.5017317
1341848014.806669 0.2105289 -1.6520698 3.9660103 -0.1043551 0.6928813 0.4762212 0.5312615
1341848014.974705 0.2420788 -1.6653217 3.9855385 -0.0915521 0.6757687 0.4720191 0.5587065
1341848015.243495 0.2832999 -1.6408107 3.9977651 -0.1201217 0.6372483 0.4694443 0.5992558
1341848015.474959 0.3199582 -1.6262922 4.0070658 -0.1123087 0.5963038 0.4571990 0.6502135
1341848015.817883 0.3390112 -1.6301329 4.0170245 -0.1037845 0.5394782 0.4113837 0.7272933
1341848016.153821 0.3424022 -1.6492424 4.0216322 -0.0944752 0.5110813 0.3653011 0.7722859
1341848016.657837 0.3043141 -1.6765521 4.0490971 -0.0624032 0.5279485 0.3849556 0.7544438
1341848016.784104 0.2880135 -1.6998026 4.0604620 -0.0602237 0.5262626 0.3834423 0.7565664
1341848016.882757 0.2739079 -1.7158325 4.0777082 -0.0597950 0.5254439 0.3867151 0.7555029
1341848016.950706 0.2600114 -1.7244471 4.0917916 -0.0577617 0.5254742 0.3888886 0.7545237
1341848017.018678 0.2461278 -1.7370222 4.1021152 -0.0599126 0.5271914 0.3904801 0.7523330
1341848017.086845 0.2377515 -1.7505271 4.1114340 -0.0623533 0.5300121 0.3942952 0.7481514
1341848017.218765 0.2074282 -1.7726307 4.1279597 -0.0568609 0.5461305 0.4013678 0.7330841
1341848017.318695 0.1786752 -1.7873881 4.1423302 -0.0428355 0.5612955 0.4029626 0.7216188
1341848017.386825 0.1563010 -1.8096588 4.1400266 -0.0401771 0.5701232 0.4026484 0.7149962
1341848017.522694 0.1199594 -1.8326898 4.1458483 -0.0310660 0.5830953 0.4077706 0.7019672
1341848017.654814 0.0897284 -1.8468896 4.1499100 -0.0245208 0.5963966 0.4092217 0.6901069
1341848017.790699 0.0742030 -1.8679175 4.1559243 -0.0116282 0.6079692 0.4098334 0.6799080
1341848017.922823 0.0482006 -1.8812118 4.1656303 -0.0084083 0.6163273 0.4069911 0.6741130
1341848018.090894 0.0282431 -1.8960599 4.1803975 -0.0118574 0.6255181 0.4097459 0.6638485
1341848018.258766 0.0228639 -1.9148875 4.2046075 -0.0111616 0.6369066 0.4200320 0.6463734
1341848018.397728 0.0192852 -1.9343051 4.2319164 -0.0132504 0.6480359 0.4242007 0.6323984
1341848018.565849 0.0148492 -1.9628353 4.2852330 -0.0078692 0.6594187 0.4391271 0.6101413
1341848018.733853 0.0125923 -1.9987473 4.3403463 -0.0125133 0.6721078 0.4460773 0.5908719
1341848018.901964 0.0078397 -2.0432651 4.3939991 -0.0115760 0.6827123 0.4443251 0.5799527
1341848019.096441 0.0017433 -2.0907428 4.4403811 -0.0109402 0.6908460 0.4461933 0.5687914
1341848019.330680 -0.0087953 -2.1419995 4.5053854 -0.0178810 0.7085658 0.4545920 0.5394080
1341848019.530821 -0.0233459 -2.1942654 4.5833216 -0.0185311 0.7278569 0.4552957 0.5124321
1341848019.734756 -0.0292091 -2.2371020 4.6709805 -0.0175087 0.7378254 0.4601394 0.4935371
1341848019.966705 -0.0257626 -2.2844141 4.7386184 -0.0131319 0.7517429 0.4689126 0.4634988
1341848020.202706 -0.0102057 -2.3184133 4.7972531 -0.0155843 0.7703393 0.4727391 0.4276124
1341848020.438816 0.0306621 -2.3503246 4.8468761 -0.0149612 0.7901202 0.4737257 0.3886774
1341848020.738994 0.0909028 -2.3908784 4.9249640 -0.0051248 0.8086830 0.4830740 0.3356263
1341848021.006632 0.1533389 -2.4302063 4.9763756 -0.0037453 0.8153505 0.4889131 0.3100863
1341848021.274899 0.2266192 -2.4550319 5.0255566 -0.0070548 0.8269047 0.4909189 0.2741855
1341848021.550755 0.3154154 -2.4953542 5.0805244 0.0085450 0.8491501 0.4798212 0.2205508
1341848021.844563 0.4192276 -2.5154793 5.1351070 -0.0081723 0.8579171 0.4793793 0.1846805
1341848022.110954 0.5281827 -2.5209780 5.1458907 -0.0155602 0.8677275 0.4728040 0.1525234
1341848022.387191 0.6384435 -2.5239770 5.1242661 -0.0074497 0.8793780 0.4642112 0.1055787
1341848022.690287 0.7467206 -2.5514073 5.0862117 0.0003764 0.8888739 0.4542975 0.0593034
1341848022.950815 0.8336448 -2.5191364 5.0255361 0.0140771 -0.8782130 -0.4780615 0.0009693
1341848023.218702 0.9185733 -2.4760022 5.0284257 0.0133319 -0.8773735 -0.4741776 0.0720670
1341848023.487092 1.0125155 -2.4203570 4.9980812 0.0231646 -0.8609564 -0.4936992 0.1203274
1341848023.922784 1.1139885 -2.3704062 4.8885255 0.0283063 -0.8541442 -0.4853423 0.1846057
1341848024.222838 1.1555176 -2.3383329 4.7982683 0.0046870 -0.8453685 -0.4818615 0.2305203
1341848024.526783 1.1978981 -2.2868607 4.7177534 0.0080366 -0.8291163 -0.4890763 0.2707507
1341848024.794701 1.2621248 -2.2361064 4.6586685 0.0114526 -0.8143392 -0.4934225 0.3053766
1341848024.994729 1.3365932 -2.2020826 4.6270037 -0.0005403 -0.8094487 -0.4845148 0.3317197
1341848025.230646 1.4252529 -2.1545737 4.5819707 -0.0014429 -0.7973742 -0.4831847 0.3615590
1341848025.430687 1.4845705 -2.1291332 4.5482273 -0.0029822 -0.7914320 -0.4806834 0.3775843
1341848025.666677 1.5378423 -2.0947800 4.5044031 0.0023527 -0.7823949 -0.4790105 0.3979969
1341848025.866679 1.5739174 -2.0602946 4.4653120 0.0025350 -0.7753331 -0.4752070 0.4159693
1341848026.066857 1.6128602 -2.0209913 4.4231224 -0.0041442 -0.7675140 -0.4695327 0.4363991
1341848026.302861 1.6562071 -1.9775057 4.3848882 -0.0231053 -0.7550464 -0.4657341 0.4609370
1341848026.502672 1.6923261 -1.9354142 4.3423772 -0.0260195 -0.7483671 -0.4562258 0.4807574
1341848026.702795 1.7306480 -1.8989300 4.3003259 -0.0197423 -0.7450701 -0.4489223 0.4928992
1341848026.878025 1.7755122 -1.8608086 4.2728906 -0.0173810 -0.7426989 -0.4485154 0.4969206
1341848027.074785 1.8481555 -1.8219718 4.2402673 -0.0156326 -0.7409880 -0.4486401 0.4994141
1341848027.342775 1.9508142 -1.7861165 4.2000432 -0.0161387 -0.7381802 -0.4355664 0.5148898
1341848027.506714 2.0185175 -1.7625200 4.1737127 -0.0131291 -0.7465724 -0.4228602 0.5134653
1341848027.674731 2.0672922 -1.7421454 4.1536613 -0.0088415 -0.7549768 -0.4183432 0.5048969
1341848027.842836 2.1049013 -1.7211983 4.1224713 -0.0065612 -0.7571173 -0.4208940 0.4995784
1341848027.978757 2.1247263 -1.6994296 4.0834084 -0.0018360 -0.7577456 -0.4270009 0.4934455
1341848028.186050 2.1494284 -1.6766617 4.0294714 0.0002831 -0.7631533 -0.4226182 0.4888669
1341848028.378956 2.1690812 -1.6495503 3.9800253 -0.0006500 -0.7638136 -0.4147034 0.4945801
1341848028.514701 2.1879067 -1.6235745 3.9488413 -0.0039326 -0.7651662 -0.4055379 0.5000443
1341848028.653766 2.2093964 -1.6035038 3.9002914 -0.0060249 -0.7630206 -0.4080023 0.5012959
1341848028.850773 2.2401330 -1.5698932 3.8410025 -0.0077004 -0.7641587 -0.4048026 0.5021325
1341848029.018728 2.2612078 -1.5519793 3.7967143 -0.0113533 -0.7627785 -0.4103090 0.4996864
1341848029.218708 2.2861147 -1.5220631 3.7529750 -0.0075286 -0.7578278 -0.4136586 0.5045066
1341848029.486788 2.3333366 -1.4852446 3.6986973 -0.0023064 -0.7497959 -0.4117575 0.5179349
1341848029.655302 2.3759511 -1.4637039 3.6642444 -0.0048059 -0.7443144 -0.4025867 0.5328198
1341848029.822778 2.4256361 -1.4443625 3.6367385 -0.0067069 -0.7369567 -0.3970106 0.5470214
1341848029.954640 2.4581227 -1.4246747 3.6154220 -0.0102375 -0.7297854 -0.3937096 0.5588391
1341848030.190683 2.5089781 -1.3928255 3.5803916 -0.0112628 -0.7179662 -0.3907380 0.5759528
1341848030.358886 2.5318713 -1.3698661 3.5555272 -0.0103084 -0.7051976 -0.3913007 0.5911632
1341848030.565795 2.5517356 -1.3354588 3.5199997 -0.0108377 -0.6930317 -0.3881893 0.6073703
1341848030.758759 2.5702176 -1.3036160 3.4738545 -0.0161342 -0.6835728 -0.3759594 0.6253979
1341848030.894711 2.5912948 -1.2818570 3.4393826 -0.0215979 -0.6774395 -0.3615977 0.6402002
1341848031.026698 2.6111159 -1.2642243 3.3983686 -0.0267137 -0.6731627 -0.3469320 0.6525156
1341848031.230953 2.6398990 -1.2360507 3.3397040 -0.0370194 -0.6717659 -0.3347828 0.6597580
1341848031.430611 2.6598866 -1.2178694 3.2905011 -0.0403380 -0.6668070 -0.3329864 0.6654782
1341848031.662784 2.6877811 -1.2012950 3.2500918 -0.0343653 -0.6546227 -0.3279092 0.6802674
1341848031.830821 2.7161891 -1.1885000 3.2225456 -0.0308505 -0.6451672 -0.3175844 0.6942245
1341848031.998742 2.7457054 -1.1763948 3.1933579 -0.0287963 -0.6344439 -0.3073048 0.7086717
1341848032.203043 2.7826648 -1.1500592 3.1507132 -0.0272471 -0.6270370 -0.3015579 0.7177360
1341848032.434730 2.8241405 -1.1240215 3.1116273 -0.0239958 -0.6195222 -0.2973011 0.7261052
1341848032.670780 2.8573468 -1.1049832 3.0628321 -0.0179667 -0.6190156 -0.2884992 0.7302501
1341848032.870732 2.8825064 -1.0799731 3.0105851 -0.0165205 -0.6204781 -0.2848057 0.7304929
1341848033.070841 2.8849702 -1.0541205 2.9643407 -0.0153447 -0.6151389 -0.2821344 0.7360495
1341848033.274940 2.8851233 -1.0284123 2.9161553 -0.0182247 -0.6053610 -0.2717906 0.7478876
1341848033.542876 2.8812549 -0.9958433 2.8562236 -0.0219178 -0.5935278 -0.2663543 0.7591442
1341848033.842774 2.8815949 -0.9741818 2.7965271 -0.0281331 -0.5840177 -0.2544117 0.7703288
1341848034.010755 2.8923666 -0.9667774 2.7699280 -0.0199999 -0.5707737 -0.2456060 0.7832593
1341848034.485678 2.9401491 -0.9372349 2.6894817 -0.0166182 -0.5339049 -0.2042624 0.8203331
1341848034.846851 2.9878821 -0.8699677 2.5997231 -0.0229458 -0.5277910 -0.2096682 0.8227694
1341848035.183874 2.9914758 -0.8255131 2.5484314 -0.0301550 -0.5143025 -0.2116987 0.8305223
1341848035.518623 2.9820344 -0.7866055 2.4789567 -0.0327381 -0.5106436 -0.1955297 0.8366238
1341848035.755991 2.9606552 -0.7615089 2.4252687 -0.0428298 -0.4975874 -0.1773659 0.8480058
1341848035.986741 2.9449167 -0.7453992 2.3695612 -0.0501228 -0.4893226 -0.1620401 0.8554496
1341848036.322672 2.9140797 -0.7132577 2.3029909 -0.0526613 -0.4737408 -0.1617982 0.8640705
1341848036.658670 2.8816156 -0.6723208 2.2169313 -0.0462762 -0.4609346 -0.1495995 0.8735090
1341848036.858633 2.8692780 -0.6477974 2.1442082 -0.0397896 -0.4498840 -0.1345181 0.8820012
1341848037.061042 2.8523839 -0.6253927 2.0758967 -0.0314952 -0.4413505 -0.1243841 0.8881139
1341848037.263738 2.8386846 -0.6007917 1.9912300 -0.0101808 -0.4475401 -0.1107704 0.8873186
1341848037.462765 2.8263597 -0.5736763 1.9277426 0.0047171 -0.4522089 -0.1139829 0.8845862
1341848037.730964 2.7822924 -0.5393497 1.8602092 0.0103982 -0.4418608 -0.1208296 0.8888482
1341848037.966864 2.7294984 -0.5078176 1.8081295 -0.0030963 -0.4214268 -0.1113924 0.8999898
1341848038.198711 2.6781640 -0.4812123 1.7639297 -0.0180691 -0.3991425 -0.1102408 0.9100581
1341848038.542164 2.6101027 -0.4580166 1.6923654 -0.0128930 -0.3824116 -0.1066336 0.9177279
1341848038.770741 2.5812395 -0.4273378 1.6228436 -0.0016697 -0.3773791 -0.1081450 0.9197211
1341848038.970765 2.5636268 -0.3949786 1.5606346 -0.0052118 -0.3682720 -0.0969419 0.9246355
1341848039.170737 2.5492861 -0.3642423 1.5003939 -0.0081630 -0.3537471 -0.0871929 0.9312324
1341848039.507121 2.5248337 -0.3216266 1.4248850 -0.0093159 -0.3389568 -0.0840075 0.9369975
1341848039.913822 2.4524012 -0.2772842 1.3454704 0.0015501 -0.3198767 -0.0848643 0.9436496
1341848040.110819 2.3954632 -0.2536442 1.3166959 -0.0071221 -0.3088826 -0.0732008 0.9482524
1341848040.310719 2.3433669 -0.2396446 1.2862779 -0.0177530 -0.2912320 -0.0658749 0.9542165
1341848040.578879 2.2890749 -0.2314675 1.2375783 -0.0177970 -0.2802506 -0.0476104 0.9585803
1341848040.778774 2.2448883 -0.2339998 1.2097682 -0.0051612 -0.2514308 -0.0426749 0.9669203
1341848040.984484 2.2007248 -0.2258197 1.1889005 -0.0016554 -0.2194358 -0.0298686 0.9751683
1341848041.189954 2.1661708 -0.2047264 1.1690205 -0.0176674 -0.1979605 -0.0023918 0.9800478
1341848041.518788 2.0856657 -0.1857272 1.1603843 -0.0347485 -0.1656285 0.0103863 0.9855211
1341848041.786711 1.9960542 -0.1783872 1.1610203 -0.0323640 -0.1405757 0.0220421 0.9892953
1341848042.186714 1.8592978 -0.2098367 1.1665508 -0.0333978 -0.1192232 0.0510149 0.9909934
1341848042.390711 1.7938839 -0.2103991 1.1741306 -0.0387736 -0.0992732 0.0581917 0.9926002
1341848042.590841 1.7311711 -0.2035012 1.1834344 -0.0441797 -0.0732419 0.0744345 0.9935508
1341848042.797954 1.6722341 -0.2013977 1.1833605 -0.0445290 -0.0467620 0.0980262 0.9930868
1341848042.997994 1.6209313 -0.1921370 1.1850952 -0.0460568 -0.0196085 0.1136969 0.9922537
1341848043.233861 1.5551649 -0.1987909 1.1927646 -0.0501182 0.0031997 0.1219941 0.9912595
1341848043.905731 1.3522930 -0.2496269 1.2816142 -0.0544887 0.0416154 0.1538641 0.9857104
1341848044.137722 1.2928147 -0.2762111 1.3225504 -0.0568009 0.0470187 0.1551079 0.9851419
1341848044.373688 1.2451500 -0.2872669 1.3544546 -0.0584125 0.0596238 0.1603702 0.9835214
1341848044.541856 1.2190503 -0.2993146 1.3821476 -0.0637985 0.0786410 0.1768070 0.9790223
1341848044.771011 1.1723914 -0.3160123 1.4207784 -0.0623719 0.1084678 0.2042963 0.9708798
1341848045.038733 1.1062635 -0.3218341 1.4455085 -0.0572458 0.1191005 0.2247597 0.9654124
1341848045.406703 1.0298396 -0.3538399 1.5195529 -0.0641943 0.1329863 0.2224640 0.9636927
1341848045.674943 0.9813243 -0.3877152 1.5899317 -0.0698056 0.1251124 0.2159139 0.9658443
1341848045.874777 0.9410496 -0.4064574 1.6374353 -0.0708487 0.1156375 0.2065193 0.9689986
1341848046.042828 0.9019741 -0.4256736 1.6824331 -0.0704980 0.1020381 0.1952465 0.9728808
1341848046.283599 0.8539296 -0.4247096 1.7151186 -0.0722567 0.0815869 0.1729745 0.9788781
1341848046.517760 0.7937498 -0.4237526 1.7275690 -0.0805960 0.0724388 0.1548696 0.9819737
1341848046.685899 0.7379586 -0.4248159 1.7208750 -0.0784110 0.0655125 0.1481524 0.9836720
1341848046.846853 0.6938233 -0.4163944 1.6992650 -0.0751809 0.0586316 0.1431257 0.9851016
1341848047.015086 0.6403784 -0.4009425 1.6738722 -0.0733500 0.0594053 0.1422507 0.9853200
1341848047.214887 0.5731638 -0.3861741 1.6463107 -0.0760802 0.0574764 0.1364516 0.9860473
1341848047.383038 0.5041507 -0.3865712 1.6200411 -0.0776590 0.0512897 0.1315524 0.9869308
1341848047.650752 0.4074589 -0.3880584 1.5904732 -0.0727561 0.0424534 0.1213016 0.9890350
1341848047.818804 0.3684730 -0.3773027 1.5756888 -0.0684371 0.0329343 0.1183882 0.9900585
1341848048.018897 0.2944578 -0.3843132 1.5743693 -0.0661244 0.0425169 0.1151404 0.9902336
1341848048.254953 0.2269040 -0.3870414 1.5739139 -0.0595463 0.0512867 0.1199420 0.9896655
1341848048.554990 0.1366482 -0.3978852 1.5616958 -0.0472543 0.0711178 0.1188565 0.9892333
1341848048.822736 0.0681405 -0.4040824 1.5522408 -0.0243891 0.0787323 0.1224455 0.9890468
1341848049.090709 -0.0044128 -0.4059040 1.5329411 0.0054721 0.0773265 0.1058873 0.9913519
1341848049.358802 -0.0738962 -0.3986267 1.5090492 0.0171307 0.0756470 0.0991223 0.9920478
1341848049.662690 -0.1555617 -0.3746509 1.4738022 0.0284551 0.0803991 0.1105441 0.9902052
1341848049.830816 -0.2221096 -0.3519971 1.4576902 0.0303292 0.0749228 0.1081639 0.9908417
1341848050.098678 -0.2976224 -0.3241703 1.4355643 0.0325071 0.0569845 0.0979827 0.9930234
1341848050.398693 -0.3722604 -0.3128496 1.4253284 0.0272227 0.0327019 0.0720274 0.9964947
1341848050.702846 -0.4456893 -0.3077370 1.4196001 0.0324688 0.0065259 0.0480153 0.9982974
1341848050.902725 -0.4966553 -0.3121767 1.4180733 0.0319200 -0.0152174 0.0357028 0.9987366
1341848051.238747 -0.5600979 -0.3189930 1.4068789 0.0396901 -0.0456758 0.0204259 0.9979585
1341848051.506718 -0.5811540 -0.3201410 1.3949455 0.0580343 -0.0694012 -0.0000496 0.9958994
1341848051.638863 -0.5914836 -0.3275378 1.3978919 0.0663845 -0.0886002 -0.0279495 0.9934596
1341848051.774823 -0.5962555 -0.3138927 1.3783622 0.0755860 -0.1097379 -0.0439104 0.9901092
1341848051.974762 -0.5953605 -0.2995770 1.3553673 0.0779731 -0.1225553 -0.0821073 0.9859811
1341848052.379476 -0.5381154 -0.2666321 1.3191029 0.0704867 -0.1002266 -0.1211967 0.9850369
1341848052.579155 -0.5028229 -0.2481269 1.2858310 0.0728106 -0.0905482 -0.1288714 0.9848309
1341848052.710822 -0.4783991 -0.2376150 1.2675688 0.0736553 -0.0826811 -0.1451721 0.9831906
1341848052.810890 -0.4547589 -0.2309873 1.2515981 0.0660842 -0.0810596 -0.1408854 0.9844865
1341848052.914694 -0.4332514 -0.2228956 1.2283378 0.0689725 -0.0687138 -0.1453035 0.9845852
1341848053.082651 -0.3922318 -0.2133776 1.1986258 0.0692203 -0.0512177 -0.1369295 0.9868311
1341848053.214816 -0.3674005 -0.2205174 1.1766523 0.0610785 -0.0300905 -0.1261353 0.9896736
1341848053.421775 -0.3268552 -0.2098793 1.1418278 0.0664524 -0.0063683 -0.1070246 0.9920127
1341848053.553915 -0.3036015 -0.2044820 1.1180288 0.0578427 0.0094057 -0.0902791 0.9941909
1341848053.721697 -0.2901573 -0.1941740 1.1017402 0.0421258 0.0393149 -0.0600441 0.9965312
1341848053.951067 -0.2722453 -0.1927544 1.0689785 0.0387829 0.0773644 -0.0140398 0.9961494
1341848054.254827 -0.3019201 -0.1962539 1.0160081 0.0364451 0.0877781 0.0356473 0.9948347
1341848055.594685 -0.4417256 -0.0772030 0.6757243 0.0641068 0.1550568 0.1051691 0.9801975
1341848056.263915 -0.6224025 -0.0386974 0.6256946 0.0689616 0.1886304 0.1416340 0.9693311
1341848056.802861 -0.8493432 -0.0445794 0.6564137 0.0419771 0.1517067 0.1612289 0.9742835
1341848057.338756 -1.0189928 -0.0578542 0.6852179 0.0166401 0.1658895 0.1487235 0.9747231
1341848057.938847 -1.2662361 -0.0590883 0.7023579 -0.0011603 0.2039195 0.1952887 0.9593111
1341848058.474732 -1.4522698 -0.1087956 0.7586347 0.0156882 0.1828800 0.1863857 0.9651783
1341848058.978865 -1.5391240 -0.1496938 0.8304559 0.0235625 0.2097690 0.2118094 0.9542424
1341848060.254799 -1.5914299 -0.1464473 0.8215539 0.0715631 0.2769707 0.1970679 0.9377261
1341848061.226804 -1.4834414 -0.1563246 0.8127774 0.1040127 0.2688475 0.1709884 0.9421600
1341848064.518010 -0.8639729 -0.1954515 0.9231414 0.0788696 0.1918057 0.1134638 0.9716564
1341848064.946850 -0.7488288 -0.1906404 0.9272559 0.0846154 0.1767714 0.1242784 0.9727009
1341848065.346776 -0.6487987 -0.1820215 0.9126451 0.0872311 0.1633715 0.1216688 0.9751396
1341848065.782722 -0.5542459 -0.1758824 0.8944694 0.0923989 0.1469702 0.1015764 0.9795634
1341848066.318695 -0.4740224 -0.1648485 0.8922021 0.0693183 0.0929330 0.0713806 0.9906883
1341848067.054702 -0.2966194 -0.1937799 0.9324377 0.0823815 0.0730849 0.0190571 0.9937347
1341848067.726732 -0.2147710 -0.1973176 0.9109427 0.0896270 0.0867004 0.0399694 0.9913892
