1305031452.791720 0.000000000 0.000000000 0.000000000 -0.000000000 -0.000000000 -0.000000000 1.000000000
1305031452.823674 -0.000868646 -0.003122688 0.003242180 -0.001548513 0.010877941 0.016968461 0.999795675
1305031452.859642 0.003729589 0.004229364 0.006507534 0.003530040 0.019682437 0.033058699 0.999253392
1305031452.891726 0.003807920 0.016901594 0.004503766 0.004951672 0.028146027 0.042909127 0.998670161
1305031452.923715 0.006088061 0.019112760 0.006659782 0.001255462 0.032105323 0.047826223 0.998338819
1305031452.959701 0.009339070 0.022881474 0.006891103 0.002107777 0.034847140 0.048892446 0.998193741
1305031452.991647 0.015274949 0.022264868 0.003249439 0.003250645 0.039679397 0.048112229 0.998048246
1305031453.023650 0.022104042 0.035272676 0.000084895 0.010326567 0.049030036 0.049155392 0.997533560
1305031453.059754 0.021799151 0.037070740 -0.004269687 0.010129782 0.063147098 0.051370144 0.996629834
1305031453.091704 0.026031742 0.038652387 -0.010297942 0.011000072 0.075177602 0.052788720 0.995711207
1305031453.123633 0.016805362 0.043779001 -0.016552217 0.012950229 0.092883281 0.053002909 0.994180977
1305031453.159673 0.015711341 0.059218798 -0.022209698 0.017237213 0.105051041 0.054045983 0.992847502
1305031453.191726 0.012104332 0.061900415 -0.032301258 0.016969709 0.119083680 0.054003458 0.991269290
1305031453.223689 -0.000171458 0.060875360 -0.041431829 0.017260171 0.134685770 0.054859053 0.989218056
1305031453.259670 0.000291386 0.070307814 -0.050416306 0.017061697 0.146199599 0.058873221 0.987354279
1305031453.291696 0.002323945 0.068847567 -0.054892067 0.016811974 0.156435475 0.064864419 0.985412598
1305031453.323682 -0.012303370 0.077808365 -0.061047994 0.023812614 0.172750458 0.071568452 0.982073426
1305031453.359684 -0.013985310 0.092708334 -0.065000758 0.028600266 0.185994029 0.079636350 0.978900552
1305031453.391690 -0.015756998 0.094585903 -0.077640161 0.028139992 0.191293016 0.091435105 0.976859689
1305031453.423683 -0.015136890 0.102392055 -0.083479270 0.032336492 0.195646465 0.100251451 0.975000799
1305031453.459685 -0.020059099 0.105173595 -0.092949025 0.036338989 0.203686163 0.108435676 0.972333908
1305031453.491698 -0.017958388 0.116508484 -0.103939243 0.043860536 0.208989739 0.117907017 0.969792545
1305031453.523684 -0.027756054 0.123800360 -0.115570210 0.052610710 0.215527058 0.125550538 0.966962993
1305031453.559753 -0.039984506 0.127737597 -0.126042813 0.059961252 0.221255615 0.130133137 0.964632571
1305031453.591640 -0.045937885 0.138292089 -0.137833163 0.069149084 0.223972961 0.132112041 0.963120461
1305031453.627706 -0.049047787 0.145290643 -0.153821409 0.076558590 0.223625556 0.135638192 0.962150097
1305031453.659600 -0.062500231 0.150897011 -0.164335072 0.084359609 0.221266806 0.132893711 0.962426007
1305031453.691678 -0.089960769 0.166003197 -0.170229197 0.093082681 0.221186206 0.124259293 0.962793827
1305031453.727652 -0.125495553 0.173577189 -0.174785838 0.096322626 0.222544000 0.117056802 0.963064790
1305031453.759694 -0.136003882 0.175399885 -0.183483839 0.098555565 0.214722231 0.109629914 0.965485632
1305031453.791716 -0.149783358 0.190180466 -0.195124075 0.104189821 0.205952212 0.099885397 0.967859030
1305031453.827773 -0.169132233 0.191285118 -0.207956046 0.104152165 0.200044096 0.093909383 0.969698846
1305031453.859705 -0.206545070 0.206373572 -0.190508381 0.109697990 0.195993945 0.084339969 0.970793247
1305031453.891710 -0.216966987 0.212095380 -0.201145902 0.108670980 0.179401740 0.076615073 0.974749088
1305031453.927723 -0.244095609 0.218931615 -0.190498352 0.108597390 0.165250003 0.072883308 0.977541327
1305031453.959641 -0.241215274 0.222630039 -0.192475811 0.106210463 0.143236130 0.064639241 0.981847525
1305031453.991624 -0.246965989 0.217239812 -0.198615819 0.100672416 0.129777178 0.053571165 0.984963536
1305031454.027662 -0.255975097 0.215960577 -0.194787502 0.101669498 0.117180526 0.043800611 0.986921310
1305031454.059654 -0.290519953 0.217911184 -0.191181242 0.101301387 0.111920610 0.032205354 0.988015532
1305031454.091651 -0.302329212 0.213615507 -0.189241737 0.098401502 0.100446440 0.017678628 0.989906669
1305031454.127701 -0.315715611 0.216515422 -0.179497153 0.101022109 0.088697866 0.002107528 0.990920186
1305031454.159672 -0.322668612 0.222714126 -0.170253873 0.102311186 0.072116122 -0.010773738 0.992076457
1305031454.191658 -0.328461826 0.221319824 -0.171290383 0.097667322 0.053105492 -0.024163524 0.993507445
1305031454.227671 -0.337089211 0.218618423 -0.162485182 0.097974986 0.036482770 -0.042215839 0.993623555
1305031454.259627 -0.346077740 0.227335215 -0.149706617 0.104132533 0.024989620 -0.059070524 0.992493153
1305031454.291639 -0.350123137 0.229293168 -0.148012713 0.100918397 0.015940659 -0.071513854 0.992193162
1305031454.327699 -0.364255220 0.223075405 -0.148292661 0.097321071 0.007359980 -0.086143300 0.991490662
1305031454.359636 -0.362256438 0.225371093 -0.144689471 0.102333479 -0.006686165 -0.103702448 0.989307404
1305031454.391677 -0.388754398 0.237687424 -0.136489645 0.104801789 -0.008080720 -0.115363188 0.987746239
1305031454.427465 -0.401558161 0.237967283 -0.138407156 0.103307657 -0.019329108 -0.130815208 0.985820174
1305031454.459913 -0.402113557 0.240440190 -0.134801641 0.103844628 -0.031127347 -0.148237288 0.982991934
1305031454.491617 -0.421153456 0.245833129 -0.133307546 0.102933057 -0.032118823 -0.164063066 0.980538905
1305031454.527700 -0.424796104 0.250162810 -0.134553865 0.099687904 -0.038718536 -0.180379272 0.977766156
1305031454.559575 -0.443468690 0.266881168 -0.132854223 0.097614080 -0.040323082 -0.192486301 0.975599587
1305031454.591635 -0.456848979 0.270055324 -0.136326268 0.090799563 -0.048656538 -0.209994912 0.972260356
1305031454.627580 -0.454727530 0.281011343 -0.133150592 0.090507001 -0.064017855 -0.223914847 0.968283176
1305031454.659528 -0.454072863 0.287893891 -0.136295155 0.084457174 -0.077941440 -0.231149852 0.966106594
1305031454.691884 -0.450386018 0.297993958 -0.132889673 0.079156391 -0.095232926 -0.236168146 0.963789165
1305031454.727659 -0.447629541 0.300031930 -0.132114053 0.074217796 -0.109356187 -0.239983425 0.961738467
1305031454.759732 -0.437212884 0.304240167 -0.128671557 0.068918623 -0.119686857 -0.233943462 0.962390661
1305031454.791641 -0.436988264 0.309215486 -0.130340636 0.065290146 -0.122203380 -0.226507589 0.964104772
1305031454.827570 -0.432139069 0.317311168 -0.129292816 0.062014844 -0.124886669 -0.217666402 0.966011882
1305031454.859620 -0.428883761 0.320210367 -0.131323382 0.055465702 -0.122531168 -0.209621400 0.968487799
1305031454.891764 -0.423182696 0.341055423 -0.131150573 0.057304181 -0.118915074 -0.200040117 0.970854998
1305031454.927567 -0.424259037 0.347166747 -0.132014722 0.053264119 -0.113050096 -0.192306370 0.973345280
1305031454.959648 -0.428243369 0.351945996 -0.134597436 0.049194802 -0.106617309 -0.185066879 0.975685894
1305031454.991937 -0.436088890 0.357576996 -0.139443815 0.046418063 -0.101882122 -0.178935185 0.977470040
1305031455.027799 -0.444361776 0.382611960 -0.142070413 0.051621050 -0.098649152 -0.174872309 0.978275657
1305031455.059636 -0.449212492 0.385714322 -0.143650666 0.048839819 -0.095701814 -0.172947198 0.979053199
1305031455.091700 -0.455344796 0.390597045 -0.145620242 0.049653869 -0.091890603 -0.172316909 0.979488432
1305031455.127695 -0.462218672 0.402001351 -0.144420639 0.052110147 -0.086977452 -0.171066105 0.980028570
1305031455.159720 -0.472073048 0.407621801 -0.145932555 0.050351635 -0.082332961 -0.167152926 0.981196225
1305031455.191655 -0.493644804 0.423393667 -0.144960612 0.050905906 -0.074855104 -0.160219908 0.982921600
1305031455.227581 -0.500665426 0.425871432 -0.143652439 0.050234109 -0.072887816 -0.153948531 0.984105587
1305031455.259631 -0.510923445 0.440159142 -0.139590427 0.050461993 -0.068506785 -0.146273330 0.985578299
1305031455.291831 -0.522592485 0.439339012 -0.140192792 0.041595489 -0.063370146 -0.135447323 0.987880588
1305031455.327766 -0.547241390 0.452765912 -0.140914321 0.040287677 -0.056297157 -0.123216003 0.989962339
1305031455.359630 -0.552030921 0.458837658 -0.139105201 0.033003051 -0.057392661 -0.115475610 0.991101623
1305031455.391665 -0.568666935 0.461408317 -0.134217665 0.024098875 -0.048977338 -0.105311826 0.992940009
1305031455.427642 -0.583757281 0.460890830 -0.137799665 0.016803240 -0.041663520 -0.093559697 0.994599640
1305031455.459589 -0.598258793 0.458734512 -0.138901606 0.012394728 -0.037650868 -0.083537489 0.995715976
1305031455.491637 -0.617630661 0.463589847 -0.139447272 0.010777318 -0.032133725 -0.072704189 0.996777534
1305031455.527610 -0.634863377 0.459987193 -0.139844880 0.007550888 -0.028599460 -0.059068438 0.997815609
1305031455.559669 -0.658574283 0.460124612 -0.144242227 0.008183626 -0.025700251 -0.046069548 0.998574078
1305031455.591645 -0.672725439 0.460903466 -0.149750844 0.008004653 -0.028367473 -0.031198729 0.999078512
1305031455.627617 -0.694164813 0.458488256 -0.145036444 0.006218217 -0.024705891 -0.017315660 0.999525487
1305031455.659615 -0.709325314 0.451619118 -0.150175735 0.008572715 -0.022769744 -0.012518983 0.999625623
1305031455.691605 -0.729690433 0.451054335 -0.155701950 0.012444395 -0.019366350 -0.013311784 0.999646425
1305031455.727628 -0.743960083 0.450236619 -0.157588258 0.014756529 -0.015991520 -0.018959373 0.999583483
1305031455.759683 -0.762935042 0.447534889 -0.162828773 0.015608002 -0.008693825 -0.022563575 0.999585748
1305031455.791666 -0.778910756 0.438741714 -0.167562887 0.016506953 -0.003049263 -0.022096882 0.999614954
1305031455.827590 -0.801876545 0.432495207 -0.178084746 0.018124228 0.002915816 -0.021348013 0.999603570
1305031455.859526 -0.817669511 0.430254579 -0.184519842 0.019127937 0.005825206 -0.023020187 0.999535024
1305031455.891657 -0.828698218 0.426621169 -0.191751853 0.019446153 0.008074163 -0.023370702 0.999505162
1305031455.927955 -0.844148219 0.419456422 -0.196054533 0.017775470 0.012961114 -0.024225840 0.999464452
1305031455.959716 -0.853698790 0.418216646 -0.201393470 0.018622745 0.015942084 -0.025764054 0.999367416
1305031455.991694 -0.863069475 0.416661948 -0.204945281 0.016840924 0.019937089 -0.027715713 0.999275088
1305031456.027770 -0.882831216 0.421630114 -0.206840560 0.013747760 0.028982421 -0.031696487 0.998982668
1305031456.059713 -0.897442758 0.411347240 -0.210116848 0.001051497 0.035021808 -0.038010214 0.998662949
1305031456.091707 -0.905444622 0.401320755 -0.212841228 -0.006631917 0.039004717 -0.041957725 0.998335779
1305031456.127645 -0.919479251 0.393350899 -0.210132569 -0.008627459 0.045019608 -0.043530736 0.997999966
1305031456.159731 -0.925450981 0.381278902 -0.212943688 -0.011852751 0.049304780 -0.043702658 0.997756839
1305031456.191658 -0.933828890 0.369925588 -0.213947996 -0.008399151 0.057154417 -0.042071156 0.997443140
1305031456.227678 -0.934598565 0.375626564 -0.211360961 -0.002183540 0.064835720 -0.038810894 0.997138560
1305031456.259614 -0.946114361 0.365656376 -0.209096447 -0.004927248 0.077490963 -0.035722215 0.996340692
1305031456.291675 -0.961624801 0.357354969 -0.199185014 -0.002410842 0.091093034 -0.030896129 0.995360076
1305031456.327718 -0.963844776 0.352874190 -0.195101470 0.002909836 0.099968128 -0.024020232 0.994696438
1305031456.359846 -0.966931105 0.361753672 -0.188308701 0.011690966 0.110283934 -0.019621445 0.993637681
1305031456.391619 -0.980024040 0.342775047 -0.181909263 0.007199316 0.124625392 -0.015261072 0.992060363
1305031456.427662 -0.988166988 0.344186813 -0.176987469 0.016356315 0.135146081 -0.007553067 0.990661919
1305031456.459610 -1.000991702 0.348983765 -0.171954557 0.018687028 0.141664892 -0.003947749 0.989730418
1305031456.491677 -1.031195402 0.343000472 -0.156790972 0.011536401 0.149231151 0.003273534 0.988729596
1305031456.527641 -1.035327792 0.337978870 -0.149669275 0.005141266 0.145403370 0.009639119 0.989312172
1305031456.559608 -1.038170695 0.329740852 -0.133210525 0.001994876 0.144709051 0.015960932 0.989343524
1305031456.591651 -1.049192071 0.340515465 -0.118021369 0.007579761 0.150237352 0.021414675 0.988388956
1305031456.627612 -1.054717660 0.340661258 -0.112093195 -0.005666774 0.153684944 0.029976046 0.987648904
1305031456.659665 -1.059733510 0.330295622 -0.092898771 -0.018214727 0.157496050 0.040075589 0.986538053
1305031456.691612 -1.077807546 0.319881409 -0.084877774 -0.018421754 0.164921984 0.048653822 0.984933615
1305031456.727693 -1.090892792 0.323823810 -0.074452169 -0.021525366 0.167112574 0.057639576 0.984016180
1305031456.759615 -1.104499578 0.307509154 -0.060524665 -0.030235868 0.164470837 0.068741240 0.983519077
1305031456.791649 -1.114795089 0.308433264 -0.044407539 -0.022541428 0.158062071 0.074131206 0.984384537
1305031456.827603 -1.113212705 0.321242839 -0.030424241 -0.019645585 0.150807023 0.083136506 0.984865367
1305031456.859634 -1.119399309 0.317560434 -0.017356802 -0.026167689 0.151530251 0.090922266 0.983914137
1305031456.891672 -1.120453358 0.312328696 -0.002549589 -0.028632667 0.152438834 0.095123090 0.983307779
1305031456.927690 -1.133657694 0.313588262 0.004667569 -0.023057492 0.160008177 0.100990653 0.981665254
1305031456.959667 -1.143429041 0.322536528 0.014402419 -0.022903679 0.164905757 0.106429078 0.980282843
1305031456.991709 -1.153876543 0.318720162 0.028194221 -0.031401273 0.169669345 0.109329425 0.978914440
1305031457.027648 -1.170317173 0.306112409 0.030433150 -0.037334606 0.176677257 0.115438230 0.976762712
1305031457.059621 -1.178219199 0.315417796 0.037913404 -0.037889309 0.179223612 0.121397011 0.975554287
1305031457.091655 -1.189303041 0.309070259 0.045238867 -0.047824457 0.183793157 0.127194449 0.973526835
1305031457.127632 -1.202258468 0.289122045 0.044860885 -0.056555398 0.191336140 0.131706849 0.971002221
1305031457.159693 -1.212580442 0.286780566 0.045193471 -0.054284323 0.196491778 0.138622299 0.969137788
1305031457.191735 -1.223872423 0.289473951 0.044985838 -0.051752418 0.202319935 0.143834755 0.967315853
1305031457.227543 -1.246980309 0.281554580 0.049253654 -0.055611607 0.213301241 0.150784448 0.963677347
1305031457.259691 -1.254337072 0.269867182 0.042600106 -0.053138327 0.215804547 0.156934679 0.962276638
1305031457.291656 -1.262418270 0.272812009 0.037457980 -0.043910343 0.222550482 0.162069008 0.960352480
1305031457.327548 -1.286288381 0.269551367 0.039200902 -0.041599926 0.236171141 0.166804641 0.956383228
1305031457.359712 -1.295993924 0.261401057 0.032289185 -0.042619508 0.243727908 0.172102869 0.953499317
1305031457.391684 -1.303657174 0.252980232 0.023287155 -0.037244428 0.250497282 0.180873334 0.950341463
1305031457.427641 -1.331750751 0.250981182 0.027910531 -0.031914309 0.263398379 0.186108962 0.946026564
1305031457.459614 -1.349511504 0.243090123 0.024833903 -0.030822555 0.266265035 0.190853223 0.944313526
1305031457.491705 -1.362554908 0.229635298 0.015562072 -0.030483903 0.266386956 0.194423437 0.943561494
1305031457.527638 -1.372687340 0.227853492 0.009432703 -0.024266444 0.268986523 0.196595609 0.942553759
1305031457.559685 -1.381749034 0.223441005 0.001451880 -0.019730479 0.270927161 0.199898660 0.941408396
1305031457.591678 -1.396963000 0.221073821 -0.003750026 -0.015281531 0.274209738 0.202859163 0.939906240
1305031457.627526 -1.412050605 0.210158333 -0.001130730 -0.015540595 0.279414326 0.204685688 0.937971175
1305031457.659632 -1.426131368 0.212020576 -0.005349681 -0.009515841 0.280428588 0.207577452 0.937113106
1305031457.691570 -1.445182323 0.205969363 -0.002282917 -0.012649250 0.281802028 0.211271942 0.935837507
1305031457.727669 -1.449766159 0.186777070 -0.007249340 -0.017314469 0.281306595 0.210830644 0.936011374
1305031457.759556 -1.457312226 0.180617481 -0.011919156 -0.013601590 0.282000482 0.208172172 0.936458826
1305031457.791567 -1.466872096 0.156027615 -0.007003263 -0.011467254 0.290224880 0.205487862 0.934565604
1305031457.827699 -1.476560354 0.159512118 -0.009825289 0.000801958 0.297654927 0.204183206 0.932582557
1305031457.859623 -1.494970083 0.155528739 -0.009113535 0.004552567 0.307533383 0.202277511 0.929777622
1305031457.891593 -1.505340338 0.132020488 -0.001092970 0.008545726 0.317262292 0.203464344 0.926214874
1305031457.927633 -1.516703844 0.134123132 0.004799813 0.025086101 0.322890610 0.203043744 0.924059331
1305031457.959632 -1.538584709 0.128472313 0.003459036 0.033571217 0.324723929 0.206088081 0.922472298
1305031457.991644 -1.539027572 0.111201584 -0.004784614 0.035843875 0.322433025 0.208293572 0.922694981
1305031458.027845 -1.536239982 0.112834364 0.004738599 0.047555115 0.324344903 0.204895586 0.922256351
1305031458.059689 -1.544788718 0.118152842 0.009299755 0.058874294 0.328407794 0.206561610 0.919790506
1305031458.091690 -1.560852289 0.118913159 0.025145859 0.061470088 0.333735824 0.207116991 0.917575300
1305031458.127605 -1.568869114 0.105811208 0.032453001 0.058189321 0.338019431 0.208612874 0.915880799
1305031458.159638 -1.581452966 0.088452697 0.044899791 0.056954768 0.343010694 0.210669294 0.913629234
1305031458.191646 -1.602759361 0.079123229 0.061840266 0.058166679 0.346688658 0.215216815 0.911101222
1305031458.227611 -1.609852672 0.073618412 0.076544166 0.052162316 0.343378067 0.217419237 0.912194908
1305031458.259934 -1.612290859 0.038727403 0.084577575 0.042733397 0.340529203 0.218977526 0.913379729
1305031458.291664 -1.625126362 0.034944221 0.101492614 0.053191278 0.339555204 0.215904742 0.913924575
1305031458.327628 -1.631083727 0.017668515 0.114624470 0.053441040 0.334841490 0.219929487 0.914689183
1305031458.359590 -1.634233475 -0.006408826 0.125400156 0.056451000 0.331567645 0.219841734 0.915721476
1305031458.391626 -1.637520194 -0.002752602 0.134785533 0.071723931 0.328806639 0.220746741 0.915430367
1305031458.427598 -1.642619252 -0.004663050 0.149868190 0.082016952 0.329876781 0.225935072 0.912911832
1305031458.459637 -1.630192041 -0.012613088 0.159102842 0.093597122 0.331921071 0.233063951 0.909257531
1305031458.491696 -1.642789721 -0.016433001 0.192040965 0.115813486 0.351261318 0.224718884 0.901501119
1305031458.527737 -1.642273307 -0.007108271 0.207504928 0.133187443 0.361521691 0.218377784 0.896590412
1305031458.559628 -1.652730346 -0.011504740 0.226749986 0.137842968 0.373540670 0.215263575 0.891699731
1305031458.591641 -1.652901649 -0.011877537 0.247951925 0.145694122 0.381567240 0.207810313 0.888816416
1305031458.627659 -1.676062107 0.011232167 0.290873080 0.154796824 0.389870793 0.199311420 0.885614872
1305031458.659623 -1.676425219 0.005926669 0.303766906 0.146007016 0.385715842 0.200899959 0.888563156
1305031458.691674 -1.676297307 0.005883992 0.322566569 0.140702352 0.373699129 0.194004327 0.896054804
1305031458.727650 -1.670767546 -0.005047113 0.347046554 0.137181431 0.361458838 0.187900424 0.902896583
1305031458.759945 -1.664626837 0.004639775 0.370800436 0.144880667 0.349617928 0.172983691 0.909314930
1305031458.791632 -1.655855417 0.023282439 0.388068616 0.148259923 0.333301216 0.162303358 0.916835308
1305031458.827564 -1.653867006 0.020521820 0.396959186 0.141607463 0.324927270 0.159121305 0.921439111
1305031458.859887 -1.629231334 0.013288215 0.407447815 0.141922832 0.316993028 0.158342734 0.924284041
1305031458.891665 -1.627574325 0.019925937 0.404476583 0.146549866 0.316063255 0.149249569 0.925392747
1305031458.927621 -1.635810971 0.023714542 0.419198155 0.146990269 0.323826134 0.152958423 0.922027290
1305031458.959617 -1.639291644 0.012222558 0.435025394 0.140957683 0.330167949 0.168792710 0.917948306
1305031458.991647 -1.638673902 -0.022553995 0.432865858 0.134957016 0.333739311 0.177897751 0.915836871
1305031459.027665 -1.665327311 -0.039480731 0.453425646 0.143825993 0.339262664 0.173084244 0.913376629
1305031459.059631 -1.676142812 -0.051310420 0.470926791 0.154041573 0.334688514 0.178335518 0.912387729
1305031459.091650 -1.706096172 -0.086161911 0.476232797 0.162980855 0.323366940 0.188741237 0.912824094
1305031459.127618 -1.727209806 -0.105127528 0.488291383 0.174781978 0.304735780 0.190734684 0.916628480
1305031459.159639 -1.711820364 -0.100152269 0.523595572 0.192105606 0.279443413 0.188255906 0.921719372
1305031459.191674 -1.709232330 -0.084729478 0.542611599 0.208915591 0.258392036 0.191223636 0.923591554
1305031459.227607 -1.766582608 -0.126583964 0.515929580 0.198972940 0.255098403 0.203292862 0.924124837
1305031459.259760 -1.760716915 -0.116720244 0.537756443 0.204880893 0.250634044 0.209143087 0.922748983
1305031459.291690 -1.774122953 -0.107980818 0.543693125 0.204322964 0.261186928 0.220020384 0.917401016
1305031459.327632 -1.771503329 -0.108474463 0.557081878 0.203920752 0.277113259 0.236369923 0.908710003
1305031459.359651 -1.786925077 -0.111001223 0.562552333 0.208036602 0.300462186 0.257098854 0.894619167
1305031459.391667 -1.807319880 -0.095949113 0.577026427 0.210502699 0.324961692 0.282152742 0.877768934
1305031459.427646 -1.809850693 -0.087341487 0.596931517 0.204181686 0.353207558 0.316163301 0.856501639
1305031459.459679 -1.828261375 -0.098377645 0.608556747 0.203689426 0.385075033 0.353613436 0.827759326
1305031459.491555 -1.881452322 -0.118189216 0.632956207 0.197518215 0.417042583 0.382572532 0.800437570
1305031459.527594 -1.893723726 -0.115579128 0.652838647 0.192580372 0.429797620 0.414433092 0.778737485
1305031459.559647 -1.903171420 -0.126061916 0.680521607 0.190740585 0.444679916 0.435676277 0.758988857
1305031459.591695 -1.918948412 -0.118729591 0.707773685 0.197797552 0.449231237 0.451070100 0.745387971
1305031459.627608 -1.931778073 -0.144901991 0.715052962 0.190668926 0.450080484 0.461702764 0.740205050
1305031459.659641 -1.938178062 -0.135500789 0.732396066 0.194389880 0.454687595 0.462378323 0.735987842
1305031459.691604 -1.946302414 -0.145701051 0.758144498 0.189922512 0.465064973 0.468851388 0.726513922
1305031459.727551 -1.960013151 -0.167746067 0.779874623 0.183947697 0.475557238 0.470860898 0.719929636
1305031459.759635 -1.963928223 -0.186351180 0.796233296 0.182561383 0.483203888 0.467197597 0.717573583
1305031459.791650 -1.974768162 -0.199391127 0.819761157 0.185022026 0.487905920 0.462848246 0.716579556
1305031459.827664 -1.987426639 -0.239806890 0.850714386 0.180673286 0.494201422 0.461660177 0.714137256
1305031459.859660 -1.993626356 -0.255026817 0.866617978 0.177256957 0.492948920 0.461119443 0.716205478
1305031459.891596 -1.993770361 -0.283277631 0.889685750 0.172950670 0.490662575 0.464914888 0.716374516
1305031459.927607 -1.990516901 -0.304282904 0.900738120 0.172992364 0.487272680 0.468158782 0.716565728
1305031459.959650 -1.991238594 -0.326527715 0.928296745 0.173663899 0.488753915 0.470277876 0.714002252
1305031459.991725 -1.986718416 -0.345808148 0.943888247 0.171315938 0.487587303 0.475001484 0.712238073
1305031460.027565 -1.974591494 -0.370037079 0.949348509 0.168724984 0.486036003 0.479284525 0.711046576
1305031460.059659 -1.976524949 -0.400632977 0.972053647 0.168695956 0.490085512 0.480805188 0.707237065
1305031460.091717 -1.978572011 -0.431190372 0.988469601 0.171617985 0.488141894 0.485944271 0.704359949
1305031460.127690 -1.966697454 -0.449968457 1.000280976 0.179796234 0.479584396 0.492133975 0.703900754
1305031460.159678 -1.962937832 -0.468194723 1.015460968 0.189568296 0.473545849 0.497642726 0.701548278
1305031460.191559 -1.954938412 -0.480815530 1.029976606 0.192271084 0.467415541 0.503014028 0.701093078
1305031460.227761 -1.934932470 -0.487354755 1.031580567 0.193022504 0.465099305 0.505743206 0.700463235
1305031460.259667 -1.921698809 -0.496502876 1.035384059 0.194042951 0.470760584 0.505312443 0.696700156
1305031460.291689 -1.914585352 -0.508152843 1.042328954 0.192215770 0.479243010 0.504624367 0.691905677
1305031460.327512 -1.903505683 -0.518362761 1.050367594 0.192318603 0.487079114 0.504379094 0.686563432
1305031460.359630 -1.899462461 -0.527957559 1.063581109 0.191197574 0.496182531 0.505450308 0.679533958
1305031460.391611 -1.887384295 -0.543359995 1.068544626 0.185786799 0.504252076 0.509775758 0.671819746
1305031460.427477 -1.876659632 -0.550556898 1.073324680 0.185135186 0.511717856 0.513335884 0.663593411
1305031460.459620 -1.868387103 -0.559479594 1.084217548 0.181906208 0.523814082 0.516266167 0.652685344
1305031460.491504 -1.861832619 -0.557243824 1.098447442 0.177727208 0.535470247 0.521571398 0.640037417
1305031460.527570 -1.848361015 -0.573539734 1.109291315 0.172072172 0.543237269 0.531230330 0.626959980
1305031460.559647 -1.837462306 -0.595050454 1.118213415 0.163245022 0.551952124 0.536037207 0.617546797
1305031460.591855 -1.831372023 -0.594885588 1.127264023 0.160170630 0.560132563 0.535542190 0.611384988
1305031460.627625 -1.820640445 -0.607658505 1.133604765 0.156970829 0.566766381 0.537947357 0.603944302
1305031460.659764 -1.808057308 -0.621764302 1.154159188 0.153053105 0.577412009 0.536266685 0.596312165
1305031460.691671 -1.803175926 -0.626655459 1.166152954 0.151641235 0.581228435 0.536589622 0.592663586
1305031460.727675 -1.793374181 -0.632784963 1.178353667 0.148573503 0.583268344 0.536990881 0.591070831
1305031460.759667 -1.786519527 -0.636327267 1.182388902 0.146883205 0.586500406 0.535229146 0.589891970
1305031460.791660 -1.762751579 -0.655430436 1.211357594 0.139862910 0.596316934 0.534483254 0.582384884
1305031460.827660 -1.752391815 -0.659609437 1.223995447 0.136001974 0.598505557 0.532934964 0.582473218
1305031460.859714 -1.743198991 -0.661657214 1.227024078 0.129963458 0.599711537 0.532093942 0.583379507
1305031460.891774 -1.732082486 -0.670395851 1.235846639 0.122257620 0.603655577 0.530882716 0.582079589
1305031460.927562 -1.714433908 -0.680127263 1.254686356 0.115876980 0.608212948 0.530394375 0.579078019
1305031460.959649 -1.697493315 -0.686461568 1.257006168 0.112388402 0.608005404 0.532528102 0.578024447
1305031460.991668 -1.679845810 -0.695066333 1.262445688 0.111916341 0.612151384 0.531431913 0.574739695
1305031461.027620 -1.667610168 -0.702605009 1.266690016 0.113324434 0.614165783 0.530830085 0.572867751
1305031461.059662 -1.655145526 -0.705587506 1.279163003 0.118084133 0.617651343 0.527514577 0.571219146
1305031461.091728 -1.643587828 -0.709084988 1.286596537 0.117800064 0.616030037 0.527548671 0.572994471
1305031461.127586 -1.629395485 -0.714341640 1.286802173 0.114444740 0.616737664 0.525670171 0.574637353
1305031461.159720 -1.610501289 -0.722743869 1.291405439 0.113576412 0.619497716 0.522725642 0.574526668
1305031461.192013 -1.604165196 -0.722289920 1.294853806 0.116281323 0.620943248 0.516554117 0.577996492
1305031461.227607 -1.596635938 -0.726073623 1.298874855 0.116028316 0.622894168 0.513872206 0.578338802
1305031461.259642 -1.584861040 -0.730896711 1.301180840 0.115767650 0.624333203 0.510162055 0.580121338
1305031461.291656 -1.576208830 -0.730040789 1.304144502 0.116216145 0.626077712 0.503342390 0.584095001
1305031461.327751 -1.568535686 -0.728623390 1.306454062 0.115648657 0.629712284 0.498822451 0.584178030
1305031461.359709 -1.562212229 -0.724372983 1.312154889 0.110995799 0.632856607 0.496029377 0.584061086
1305031461.391708 -1.550691843 -0.729952455 1.310588121 0.104098774 0.630646110 0.499261022 0.584967911
1305031461.427624 -1.542125225 -0.727706134 1.310367584 0.103655212 0.631924748 0.497363895 0.585282803
1305031461.459781 -1.538201451 -0.724636912 1.312288761 0.100760080 0.631248832 0.499485373 0.584710836
1305031461.491677 -1.521508932 -0.733229399 1.306996107 0.094667137 0.630636454 0.502158344 0.584100068
1305031461.527705 -1.521652460 -0.730064094 1.303639412 0.098772950 0.632756293 0.497906297 0.584767222
1305031461.559677 -1.523123264 -0.726187468 1.294641495 0.097132608 0.632505059 0.496161938 0.586793005
1305031461.591690 -1.524018407 -0.729968905 1.285127044 0.092847444 0.637738466 0.493208885 0.584306479
1305031461.627541 -1.525828362 -0.722214639 1.286431909 0.090204850 0.643318594 0.492009133 0.579595923
1305031461.659622 -1.523719788 -0.720595419 1.284556389 0.086076759 0.646964729 0.492206693 0.575986147
1305031461.691563 -1.526596308 -0.707528770 1.281930089 0.088237241 0.647512138 0.495942712 0.571824431
1305031461.727602 -1.525649309 -0.706431150 1.271207809 0.085726708 0.644808292 0.503398478 0.568738163
1305031461.759684 -1.532250285 -0.693290949 1.265239000 0.087489307 0.645357311 0.504500210 0.566867769
1305031461.791612 -1.535521269 -0.683733821 1.261977792 0.085291170 0.645610154 0.509741127 0.562207341
1305031461.827615 -1.539238930 -0.679939628 1.254851580 0.082941264 0.647023380 0.514846146 0.556250870
1305031461.859767 -1.551343560 -0.669105887 1.245300531 0.083776325 0.646660745 0.521376133 0.550434649
1305031461.891723 -1.560940742 -0.659253478 1.245116949 0.084516399 0.644540906 0.532619715 0.541978121
1305031461.927758 -1.568938494 -0.650617003 1.236763239 0.083081663 0.637807608 0.545046091 0.537795246
1305031461.959703 -1.581132412 -0.645993590 1.214335918 0.077047333 0.634097576 0.552046597 0.535937130
1305031461.991590 -1.588352323 -0.628875852 1.227181077 0.072273776 0.639123321 0.558348715 0.523970008
1305031462.027675 -1.685832024 -0.708266497 1.127454877 0.073215030 0.606771767 0.590670228 0.526855111
1305031462.059837 -1.684994221 -0.705327153 1.131809831 0.072694786 0.599564672 0.603338361 0.520788312
1305031462.091777 -1.705323458 -0.704254746 1.090739608 0.073328637 0.581716359 0.618498683 0.523152351
1305031462.127739 -1.709081054 -0.699746847 1.090583563 0.071497679 0.575992167 0.628644109 0.517617404
1305031462.159646 -1.715797901 -0.696723342 1.087691426 0.069408983 0.571157277 0.636530817 0.513605118
1305031462.191641 -1.724703789 -0.698601246 1.087220192 0.063832551 0.568855941 0.639651656 0.513005018
1305031462.227633 -1.730825901 -0.698629260 1.092520714 0.057453834 0.566932261 0.644306779 0.510054648
1305031462.259765 -1.729714751 -0.692934752 1.097172022 0.048312411 0.563851178 0.647363365 0.510547340
1305031462.291629 -1.738530636 -0.694253325 1.097621679 0.041386962 0.558680892 0.649430394 0.514201224
1305031462.327540 -1.745356917 -0.694147587 1.099426389 0.032000676 0.554458201 0.650648057 0.517889261
1305031462.359732 -1.751715541 -0.691008091 1.109542608 0.021510012 0.552219570 0.649916470 0.521727383
1305031462.391695 -1.755065918 -0.691888213 1.120233774 0.011133086 0.545681596 0.652704239 0.525437832
1305031462.427635 -1.757426143 -0.704967856 1.125262022 -0.000443927 0.537409246 0.656093955 0.529841304
1305031462.459897 -1.767925501 -0.713489652 1.140749693 -0.011176919 0.530253947 0.655921340 0.537096977
1305031462.492008 -1.778361559 -0.709394693 1.141198993 -0.020459788 0.518502057 0.659139574 0.544308722
1305031462.527670 -1.788534880 -0.697385550 1.155077219 -0.026818831 0.513458431 0.657791853 0.550409973
1305031462.559862 -1.830163121 -0.660140038 1.180100918 -0.023926184 0.515203834 0.641041875 0.568381965
1305031462.591862 -1.841353893 -0.663259268 1.181558132 -0.030466257 0.511944354 0.636290371 0.576297998
1305031462.627851 -1.858832359 -0.660858750 1.178382635 -0.036644414 0.509690583 0.629748583 0.585055113
1305031462.659660 -1.868825674 -0.662793040 1.172183394 -0.041472610 0.508600950 0.624322236 0.591461718
1305031462.692548 -1.890236139 -0.655357480 1.174579024 -0.041409615 0.509869099 0.614795506 0.600287676
1305031462.727652 -1.911327243 -0.650152445 1.175337076 -0.042965118 0.507538319 0.606220722 0.610782504
1305031462.759782 -1.930997849 -0.643403769 1.168402910 -0.045891713 0.501610816 0.599072039 0.622409225
1305031462.791943 -1.952450037 -0.642718196 1.159885168 -0.049131632 0.497234702 0.593988001 0.630493462
1305031462.827816 -1.998019576 -0.584472060 1.151069760 -0.037520479 0.493153334 0.580353498 0.646979094
1305031462.859782 -2.021491289 -0.558099508 1.139611602 -0.038723335 0.488611102 0.575181365 0.654924512
1305031462.891847 -2.038686275 -0.544557095 1.122479916 -0.041229304 0.487706363 0.572953343 0.657394230
1305031462.927607 -2.062365770 -0.524896741 1.101418734 -0.039493095 0.485488027 0.569389403 0.662221551
1305031462.959676 -2.075135708 -0.518857002 1.083923578 -0.039374989 0.483246207 0.569073141 0.664137483
1305031462.995550 -2.086054087 -0.507791281 1.061546087 -0.037648808 0.480544329 0.565429151 0.669290423
1305031463.027667 -2.100322247 -0.494507909 1.039939165 -0.033111151 0.479898989 0.558150530 0.676068485
1305031463.059810 -2.119976759 -0.489488006 1.029369593 -0.030168159 0.480047524 0.550999820 0.681941032
1305031463.095809 -2.137187004 -0.437687516 1.002062559 -0.022713322 0.473044664 0.538503349 0.696941197
1305031463.127550 -2.147362471 -0.424958944 0.976811886 -0.021065768 0.472176224 0.530405164 0.703758717
1305031463.159787 -2.164702892 -0.409654737 0.955868602 -0.017881824 0.472779244 0.520568728 0.710751951
1305031463.195657 -2.182860851 -0.387738466 0.945514441 -0.017675843 0.474024445 0.511748254 0.716311455
1305031463.227784 -2.182258844 -0.378512025 0.920019746 -0.021429995 0.470800310 0.510210812 0.719425321
1305031463.260034 -2.192542553 -0.364032865 0.896060348 -0.016523788 0.471898437 0.504246593 0.723031223
1305031463.295737 -2.207521915 -0.351058125 0.882950604 -0.015302279 0.474225402 0.498069704 0.725811720
1305031463.327739 -2.205841303 -0.339810252 0.859283268 -0.017653499 0.469979495 0.496882021 0.729325712
1305031463.359750 -2.204784870 -0.312232733 0.844306946 -0.007895251 0.467671543 0.491597146 0.734542966
1305031463.395630 -2.212952375 -0.282902360 0.822178721 -0.001421166 0.464450032 0.486246288 0.740168154
1305031463.427716 -2.214412212 -0.265594840 0.799316883 -0.002077090 0.461169839 0.483970374 0.743700743
1305031463.459756 -2.212725163 -0.239909768 0.779390872 -0.000261979 0.460234493 0.480826586 0.746317565
1305031463.495629 -2.211585522 -0.220021486 0.759476602 -0.001576214 0.461339921 0.479666829 0.746379733
1305031463.527670 -2.207657814 -0.200976491 0.734149814 -0.001907531 0.465109617 0.477104813 0.745681226
1305031463.559751 -2.210888863 -0.182170033 0.722097874 0.002135392 0.470738530 0.474692583 0.743685305
1305031463.595600 -2.214011431 -0.174592972 0.694394469 0.001341748 0.467593044 0.476293743 0.744647026
1305031463.627588 -2.201445818 -0.166588306 0.650528789 0.000078824 0.461948425 0.476853430 0.747806489
1305031463.659766 -2.203083038 -0.154444456 0.619295955 0.006394711 0.466528207 0.471128941 0.748564065
1305031463.695640 -2.210620403 -0.131393552 0.608328402 0.012984885 0.470813960 0.465427399 0.749361694
1305031463.727588 -2.200999498 -0.130226970 0.554244876 0.007737387 0.465944052 0.465916306 0.752169073
1305031463.759674 -2.184260845 -0.134378672 0.504363179 0.004531401 0.467850804 0.459224254 0.755121350
1305031463.795647 -2.112904787 0.055191636 0.542780995 0.048021812 0.471017748 0.428794205 0.769397020
1305031463.827761 -2.106934786 0.066023707 0.505669653 0.045112628 0.470716417 0.419323504 0.774957299
1305031463.859910 -2.104572058 0.064602613 0.485174537 0.043806106 0.476784885 0.409082264 0.776794076
1305031463.895648 -2.106495857 0.073661089 0.466705680 0.046875428 0.480966538 0.397965968 0.779805779
1305031463.927664 -2.111349583 0.068488002 0.451459289 0.044727448 0.484888017 0.390297264 0.781377733
1305031463.959680 -2.104746819 0.075589299 0.428619564 0.048215665 0.482959241 0.383683175 0.785628974
1305031463.995821 -2.108536959 0.072894573 0.406185389 0.050531909 0.483122438 0.375512838 0.789322138
1305031464.027703 -2.112317562 0.078613818 0.389731765 0.052594859 0.484323800 0.366174757 0.792830527
1305031464.059652 -2.104859114 0.083737075 0.367160678 0.051837992 0.484916091 0.357756615 0.796353877
1305031464.095634 -2.113661766 0.076468050 0.341447055 0.052019004 0.488409549 0.346840352 0.799031913
1305031464.127681 -2.115716219 0.079136193 0.332367837 0.056140758 0.490376681 0.341167361 0.799989879
1305031464.159817 -2.113356113 0.077296674 0.323464215 0.062548406 0.489647776 0.337529868 0.801502645
1305031464.195585 -2.114095211 0.068283379 0.317379892 0.069998831 0.490113080 0.328671843 0.804278731
1305031464.227624 -2.122453213 0.068309486 0.313882828 0.081609368 0.486442685 0.320270002 0.808789551
1305031464.259644 -2.125504971 0.081790328 0.304405868 0.094178379 0.474706650 0.314390451 0.816665649
1305031464.295667 -2.126602173 0.082646072 0.290605009 0.098383710 0.460776955 0.309045196 0.826133430
1305031464.327866 -2.116656542 0.094033659 0.272633553 0.102476060 0.447104990 0.301164269 0.835999966
1305031464.359684 -2.112529039 0.088026166 0.239992380 0.103986658 0.435646296 0.297113657 0.843280852
1305031464.395611 -2.112426996 0.091497064 0.214082062 0.106576532 0.430623919 0.287497222 0.848852098
1305031464.427634 -2.102906704 0.107914746 0.187224627 0.108593419 0.425384521 0.278082401 0.854356885
1305031464.459689 -2.103200197 0.106626391 0.179257870 0.108296573 0.426915318 0.268597752 0.856662393
1305031464.495633 -2.104814053 0.113711894 0.160625756 0.109475575 0.426251948 0.259424806 0.859664559
1305031464.527574 -2.111044407 0.112732530 0.148878276 0.109081954 0.429467261 0.252624810 0.860139370
1305031464.559703 -2.094591618 0.116583943 0.107997894 0.101948120 0.419193149 0.245167866 0.868203044
1305031464.595698 -2.086884022 0.114526510 0.073765218 0.097694688 0.421475202 0.231279477 0.871392131
1305031464.627672 -2.045704842 0.122987002 0.033634603 0.104013301 0.421025008 0.225085661 0.872499645
1305031464.659749 -2.044812441 0.125683099 0.022909462 0.108213291 0.435149640 0.209693193 0.868886411
1305031464.695663 -2.023172379 0.117304444 -0.021475375 0.109653741 0.439758927 0.194234192 0.869977713
1305031464.727652 -2.024932861 0.121978045 -0.026224732 0.121692717 0.450438917 0.171126902 0.867762208
1305031464.759740 -2.025811672 0.131413400 -0.028540790 0.131498471 0.454124123 0.147085145 0.868818402
1305031464.796021 -2.027734041 0.119116098 -0.031234443 0.130950987 0.452716380 0.128900215 0.872516155
1305031464.827759 -2.016066313 0.127746224 -0.024106681 0.140832692 0.445118368 0.109050810 0.877578378
1305031464.859654 -2.013269424 0.133785516 -0.023367167 0.145803690 0.432185829 0.091648102 0.885187745
1305031464.895817 -2.002557039 0.140366375 -0.027187765 0.141658559 0.417084217 0.070854895 0.894959867
1305031464.927799 -1.995177746 0.131221056 -0.032166243 0.133049384 0.406863540 0.053254783 0.902177334
1305031464.959763 -1.980094194 0.124620497 -0.042171419 0.129526615 0.400755972 0.035731144 0.906278551
1305031464.995687 -1.965910673 0.132032856 -0.044599175 0.131959602 0.398592949 0.014312166 0.907472014
1305031465.027823 -1.957438469 0.132451549 -0.042231739 0.128628060 0.400592268 -0.007602360 0.907150924
1305031465.059749 -1.916927338 0.158923253 -0.019055486 0.136662588 0.396644831 -0.033557799 0.907121897
1305031465.095700 -1.914985895 0.175780356 -0.012925863 0.131037503 0.386841118 -0.047981206 0.911526740
1305031465.127664 -1.906768203 0.175057024 -0.010586143 0.107043579 0.371782154 -0.055648260 0.920447171
1305031465.159842 -1.898393154 0.178063124 -0.002976954 0.089001782 0.361870944 -0.059260700 0.926075816
1305031465.195564 -1.858776808 0.190364242 -0.009650201 0.077141173 0.343747467 -0.066431843 0.933527589
1305031465.227907 -1.834025621 0.210250497 -0.002320886 0.068107590 0.333460569 -0.073945142 0.937388718
1305031465.259807 -1.820029020 0.222032323 0.012208819 0.059224121 0.326044202 -0.075041905 0.940508664
1305031465.295623 -1.790115237 0.233225629 0.009970754 0.059715848 0.311303616 -0.064746097 0.946219862
1305031465.327674 -1.776812673 0.241419107 0.015686020 0.056150328 0.299400091 -0.053028367 0.950996757
1305031465.359948 -1.754448652 0.250231445 0.016116783 0.058108073 0.279422551 -0.041004650 0.957530737
1305031465.395586 -1.735955596 0.261242539 0.021607094 0.064003624 0.262601078 -0.034398545 0.962164760
1305031465.427697 -1.697896481 0.280881345 0.013000578 0.074900508 0.241244242 -0.027126143 0.967189431
1305031465.460125 -1.684787631 0.299997866 0.010867558 0.083831243 0.230027825 -0.018424425 0.969391644
1305031465.495703 -1.658257842 0.322190493 -0.002077781 0.088835128 0.213631243 -0.007251405 0.972839892
1305031465.527622 -1.638991833 0.325333267 -0.002779700 0.087536827 0.203215525 -0.004641640 0.975202203
1305031465.559812 -1.615202427 0.340450019 -0.014123254 0.096922256 0.190743864 -0.002657135 0.976839781
1305031465.595599 -1.589036822 0.357009798 -0.036368582 0.104955606 0.178302497 0.005294981 0.978347898
1305031465.627688 -1.579271197 0.373210788 -0.041294895 0.112463035 0.174715340 0.012077143 0.978100657
1305031465.660060 -1.563514352 0.388848871 -0.048262741 0.119373791 0.164411888 0.018053627 0.978975415
1305031465.695668 -1.524440765 0.415131867 -0.060819216 0.131347537 0.146719903 0.022566652 0.980159104
1305031465.727682 -1.515802503 0.427815914 -0.066578254 0.139308393 0.145470217 0.028798327 0.979082406
1305031465.759766 -1.505099654 0.444458604 -0.070249781 0.147913337 0.142080158 0.035687529 0.978090644
1305031465.795937 -1.472391248 0.477504998 -0.079920411 0.160487160 0.130503580 0.040887102 0.977517784
1305031465.827996 -1.460850596 0.486707926 -0.085525833 0.167934567 0.129183963 0.045600448 0.976232648
1305031465.859861 -1.447625041 0.509293795 -0.094892003 0.180236548 0.126866490 0.048129648 0.974219322
1305031465.895494 -1.409224272 0.547425330 -0.098171443 0.190024391 0.122165188 0.049054783 0.972913206
1305031465.927495 -1.389876127 0.558695436 -0.107659362 0.193613470 0.126823306 0.051683333 0.971472383
1305031465.959710 -1.371566892 0.584800422 -0.114128932 0.205873713 0.132876754 0.048973925 0.968277574
1305031465.995753 -1.363960028 0.604055107 -0.122212760 0.211473107 0.139169961 0.047223508 0.966271579
1305031466.027644 -1.348860025 0.638972163 -0.125428021 0.221735656 0.139961302 0.043626461 0.964023352
1305031466.059757 -1.332390666 0.669871867 -0.124133810 0.224972367 0.138804704 0.045986887 0.963330686
1305031466.095840 -1.326126695 0.690004289 -0.131464541 0.221370444 0.136539564 0.048647802 0.964357555
1305031466.127640 -1.315073013 0.714744091 -0.140287280 0.217631683 0.130742595 0.048273910 0.966029286
1305031466.160428 -1.302517295 0.732212186 -0.143493772 0.214652374 0.122979045 0.049539264 0.967649937
1305031466.195833 -1.302681088 0.749190032 -0.153932378 0.207103625 0.115706161 0.052239764 0.970046997
1305031466.227951 -1.290467501 0.764417171 -0.166704059 0.196110159 0.105195589 0.047540206 0.973763168
1305031466.259815 -1.265411615 0.769405305 -0.184791178 0.189837113 0.097486734 0.041051175 0.976100922
1305031466.295737 -1.250749350 0.785856783 -0.200409725 0.190698192 0.102049828 0.029531844 0.975883186
1305031466.327702 -1.237950444 0.804438233 -0.211584091 0.190970391 0.111822434 0.020474363 0.974990666
1305031466.359829 -1.236935258 0.811074555 -0.224657744 0.182694525 0.122957312 0.017849483 0.975287497
1305031466.395784 -1.230355501 0.810822248 -0.243375137 0.178296983 0.126586720 0.014563120 0.975691497
1305031466.427819 -1.226912022 0.825903535 -0.253234029 0.185063973 0.126898751 0.008258414 0.974463940
1305031466.459790 -1.215535164 0.843126535 -0.262949705 0.185736358 0.121579602 0.002690775 0.975045264
1305031466.495809 -1.194814444 0.853305221 -0.274218738 0.181873262 0.114510804 0.001517499 0.976630509
1305031466.527538 -1.180370092 0.858904064 -0.286251783 0.178738460 0.115915462 0.001543801 0.977043450
1305031466.560353 -1.160026312 0.878026247 -0.290965319 0.180268154 0.117154293 0.000676951 0.976615548
1305031466.595936 -1.144691467 0.888476551 -0.301736146 0.170943514 0.116611958 -0.000245171 0.978355765
1305031466.627549 -1.122665405 0.880209565 -0.316686571 0.158892274 0.117064849 -0.003820848 0.980323672
1305031466.659688 -1.112108111 0.885813355 -0.329867393 0.163011029 0.121723570 -0.008335492 0.979051232
1305031466.695822 -1.095748305 0.910946727 -0.324486434 0.169398800 0.120750584 -0.016947061 0.977975547
1305031466.728074 -1.077113032 0.914329648 -0.332612127 0.160407007 0.117444128 -0.025457697 0.979708314
1305031466.759637 -1.054948926 0.908697546 -0.348180264 0.156959563 0.115992345 -0.033730969 0.980189681
1305031466.795604 -1.045999765 0.924920738 -0.349695295 0.166254759 0.116784535 -0.041379828 0.978268147
1305031466.827879 -1.033993602 0.934675753 -0.354733527 0.164195567 0.113061845 -0.045017552 0.978892386
1305031466.859665 -1.024350882 0.931906819 -0.365895569 0.159807995 0.108039282 -0.045169778 0.980177879
1305031466.895694 -1.010666966 0.940490186 -0.366373628 0.165685281 0.095667981 -0.047850564 0.980360329
1305031466.927756 -0.998194873 0.945948184 -0.374595463 0.166136086 0.081383295 -0.052232027 0.981349826
1305031466.959728 -0.975476265 0.947015822 -0.385040581 0.165643096 0.068369925 -0.056144360 0.982209623
1305031466.995712 -0.957578123 0.952911496 -0.391333759 0.167508706 0.061214764 -0.059766494 0.982151508
1305031467.027843 -0.940904856 0.956699610 -0.397839874 0.167658925 0.056217685 -0.064870365 0.982100785
1305031467.059700 -0.922175348 0.962465703 -0.403253913 0.168243229 0.052315872 -0.068721764 0.981954575
1305031467.095687 -0.908310235 0.967538893 -0.407058805 0.166254237 0.051353421 -0.073716894 0.981981814
1305031467.128974 -0.898741245 0.966679692 -0.409583569 0.164900064 0.049823038 -0.085015170 0.981375635
1305031467.159660 -0.887448847 0.970231056 -0.415093660 0.165715724 0.047369491 -0.093496546 0.980588078
1305031467.195663 -0.875770569 0.973936200 -0.423136383 0.166278228 0.043187395 -0.099383302 0.980106890
1305031467.227704 -0.861036897 0.976249874 -0.424595952 0.166832089 0.035321333 -0.105685584 0.979668319
1305031467.259694 -0.851465523 0.977934480 -0.429850757 0.167681038 0.030630533 -0.110856026 0.979109704
1305031467.295846 -0.835377336 0.982341051 -0.435903043 0.169663399 0.024415025 -0.119428724 0.977934122
1305031467.328008 -0.821645617 0.987702549 -0.440081239 0.171304926 0.018203638 -0.125827566 0.976980448
1305031467.359654 -0.808459103 0.995385706 -0.443383634 0.170241490 0.011864929 -0.129132822 0.976832509
1305031467.395756 -0.797485709 0.997335732 -0.449966520 0.163459271 0.004192360 -0.133563727 0.977458060
1305031467.427783 -0.787449002 0.998260200 -0.456263274 0.160926983 -0.001105899 -0.138929784 0.977138579
1305031467.459692 -0.772886693 1.003754020 -0.459652722 0.162394300 -0.008136719 -0.143057004 0.976266682
1305031467.496058 -0.749396086 1.005414963 -0.464185715 0.157855839 -0.019184414 -0.147487134 0.976197243
1305031467.527663 -0.742337644 1.004850745 -0.468965173 0.150875345 -0.021013208 -0.153211325 0.976381838
1305031467.559763 -0.733162999 1.005430341 -0.474563897 0.150557950 -0.021500336 -0.155648127 0.976034701
1305031467.595989 -0.723014891 1.006017566 -0.478315175 0.150660649 -0.023435870 -0.154756412 0.976116121
1305031467.627532 -0.702752709 0.996084511 -0.482619792 0.150015295 -0.030980689 -0.154067859 0.976114094
1305031467.659626 -0.696570158 0.993537366 -0.485480517 0.156582564 -0.036019012 -0.153134406 0.975056112
1305031467.695886 -0.690582514 0.993619680 -0.490799457 0.159726873 -0.038388204 -0.155847713 0.974025249
1305031467.727535 -0.679327428 0.986800075 -0.485216349 0.162987515 -0.040681764 -0.161102861 0.972535908
1305031467.759907 -0.658989012 0.978199840 -0.483011514 0.168949842 -0.046293713 -0.163688853 0.970834076
1305031467.796075 -0.650235653 0.974066198 -0.483985007 0.172290012 -0.049305521 -0.167740926 0.969406068
1305031467.827800 -0.642299652 0.962493181 -0.478092641 0.176072791 -0.052466303 -0.169569328 0.968241692
1305031467.859729 -0.633344591 0.953302145 -0.471562624 0.183889866 -0.058161233 -0.167143717 0.966884077
1305031467.895947 -0.619611561 0.948143303 -0.459695756 0.190732434 -0.066820055 -0.169112131 0.964654028
1305031467.927754 -0.610133886 0.932304382 -0.463622242 0.189414188 -0.075902909 -0.173664346 0.963432312
1305031467.959826 -0.605231881 0.920680881 -0.450713724 0.196226731 -0.080316834 -0.175754294 0.961329699
1305031467.995754 -0.591762424 0.919175088 -0.442132443 0.201177299 -0.083816946 -0.179995283 0.959220588
1305031468.028107 -0.571045518 0.900195479 -0.426496148 0.198839650 -0.088663228 -0.183766529 0.958557010
1305031468.059850 -0.565739095 0.877810717 -0.422894180 0.199531302 -0.090310246 -0.186592519 0.957713187
1305031468.095867 -0.558383405 0.875419319 -0.406743169 0.205223992 -0.093412139 -0.189099640 0.955718935
1305031468.127816 -0.547814012 0.857185900 -0.397492409 0.202083603 -0.097448833 -0.190265566 0.955753624
1305031468.159864 -0.534788847 0.837187052 -0.394599080 0.200928822 -0.101452976 -0.194272175 0.954773903
1305031468.195985 -0.523388565 0.824392140 -0.383431047 0.200840920 -0.103389882 -0.199031636 0.953603625
1305031468.228158 -0.511812866 0.799726546 -0.382099807 0.195179805 -0.104722776 -0.198985040 0.954642892
1305031468.259754 -0.501446128 0.784223497 -0.375079215 0.195408523 -0.104321145 -0.196929157 0.955066264
1305031468.295830 -0.489165187 0.761737347 -0.372310489 0.192165583 -0.103742138 -0.197795734 0.955608070
1305031468.327847 -0.475110292 0.728136122 -0.373381376 0.188200027 -0.104753025 -0.197294548 0.956390381
1305031468.359787 -0.469395697 0.718711436 -0.364247233 0.194007829 -0.102756426 -0.191664070 0.956591308
1305031468.395860 -0.466206729 0.710297585 -0.359289974 0.193088710 -0.100542001 -0.190566212 0.957231700
1305031468.428025 -0.466780186 0.686251640 -0.362614572 0.185938194 -0.098714225 -0.190537721 0.958841980
1305031468.459759 -0.453266084 0.664838314 -0.362486333 0.182936996 -0.103319824 -0.188786864 0.959280252
1305031468.495809 -0.444419205 0.644715071 -0.360824257 0.178467393 -0.103407107 -0.189696983 0.959933043
1305031468.527756 -0.443666220 0.614985168 -0.366229028 0.172585770 -0.101245180 -0.194762722 0.960224509
1305031468.559739 -0.446424574 0.591754615 -0.368678778 0.174524918 -0.100069724 -0.202964589 0.958296716
1305031468.595768 -0.448265970 0.584612846 -0.368837863 0.177522197 -0.099135868 -0.209485188 0.956438184
1305031468.627626 -0.449437916 0.569137692 -0.370432585 0.170881793 -0.100186527 -0.212033138 0.956976533
1305031468.659579 -0.458257139 0.540616453 -0.371085435 0.163891196 -0.102646098 -0.213579759 0.957594514
1305031468.695835 -0.455464691 0.509920061 -0.368294954 0.163289770 -0.111995272 -0.217094690 0.955857396
1305031468.727785 -0.455968469 0.498592049 -0.369831920 0.167036191 -0.118655883 -0.220803693 0.953554094
1305031468.759628 -0.456605971 0.486177951 -0.369266182 0.167589054 -0.123537041 -0.222304136 0.952488005
1305031468.795796 -0.461251169 0.465526968 -0.371767044 0.167125568 -0.125327900 -0.227000311 0.951227009
1305031468.829247 -0.460604012 0.442877114 -0.374329656 0.172001734 -0.128495455 -0.234332755 0.948152125
1305031468.859659 -0.460317135 0.440883040 -0.374009997 0.175562158 -0.127279848 -0.239717260 0.946315706
1305031468.895873 -0.463452756 0.431572556 -0.374350399 0.172141269 -0.121297002 -0.242532521 0.947012365
1305031468.928141 -0.465012491 0.422488481 -0.373153090 0.168532953 -0.115877040 -0.239771798 0.949040890
1305031468.959594 -0.470869839 0.421575040 -0.365844190 0.164234012 -0.109533697 -0.234739751 0.951801836
1305031468.995711 -0.478394717 0.421856046 -0.360367477 0.150983095 -0.105048038 -0.233367756 0.954834282
1305031469.027699 -0.478851169 0.406534851 -0.355984002 0.128515825 -0.101910032 -0.239470199 0.956949353
1305031469.059832 -0.483230680 0.395962358 -0.353600740 0.112669602 -0.099888302 -0.241883770 0.958551109
1305031469.095723 -0.486572981 0.388282269 -0.345923126 0.099486388 -0.098146074 -0.252706647 0.957397103
1305031469.127679 -0.486065090 0.374585718 -0.336545467 0.084609367 -0.092101172 -0.261353374 0.957106590
1305031469.159703 -0.485523760 0.366153926 -0.329920858 0.073454939 -0.083179526 -0.267413199 0.957170725
1305031469.195540 -0.491074383 0.359286249 -0.325219661 0.064467438 -0.071786083 -0.269752651 0.958083689
1305031469.227754 -0.495104313 0.354831100 -0.318186671 0.059823327 -0.064027227 -0.272681952 0.958105624
1305031469.259586 -0.490976334 0.349711746 -0.308157533 0.054175317 -0.063472942 -0.274474114 0.957966745
1305031469.296754 -0.495812893 0.352384984 -0.297223240 0.050944056 -0.056957897 -0.274717122 0.958483756
1305031469.327618 -0.494907320 0.350457549 -0.288005024 0.045164179 -0.054153360 -0.275222361 0.958791077
1305031469.359592 -0.492669314 0.340961665 -0.277471423 0.035015438 -0.050169948 -0.280090272 0.958022118
1305031469.395695 -0.486420572 0.330657661 -0.271354139 0.030305002 -0.041299772 -0.284065008 0.957435668
1305031469.427651 -0.488301367 0.334360272 -0.259303808 0.031397536 -0.027534103 -0.288771212 0.956487000
1305031469.459668 -0.490162015 0.340985239 -0.245976388 0.031415641 -0.017971141 -0.293535054 0.955262959
1305031469.495744 -0.468032986 0.112606950 -0.296978265 -0.047058862 -0.042166349 -0.309326738 0.948854268
1305031469.527622 -0.469657570 0.123035870 -0.284012973 -0.050215758 -0.041429233 -0.309388608 0.948704779
1305031469.559645 -0.467791647 0.130556360 -0.265442610 -0.057460550 -0.042040497 -0.308877558 0.948433280
1305031469.595755 -0.462017685 0.143061236 -0.250871629 -0.063478924 -0.042517468 -0.306436867 0.948819935
1305031469.627752 -0.472074687 0.158166975 -0.228987068 -0.074298047 -0.038272697 -0.306389749 0.948230147
1305031469.659590 -0.473804474 0.166288897 -0.211650282 -0.080385163 -0.033684175 -0.306735456 0.947795868
1305031469.695613 -0.477134645 0.180814460 -0.196035877 -0.084405504 -0.028569285 -0.305840015 0.947903752
1305031469.727679 -0.480627388 0.190417320 -0.178503707 -0.091483995 -0.023351986 -0.304571539 0.947798312
1305031469.759599 -0.481279016 0.206102505 -0.159651980 -0.097246841 -0.019100523 -0.300519168 0.948612988
1305031469.795621 -0.479178727 0.204550907 -0.147668913 -0.109664403 -0.019963127 -0.298926055 0.947743893
1305031469.827526 -0.484413207 0.218878493 -0.133133337 -0.116312467 -0.020790279 -0.296334863 0.947747231
1305031469.859574 -0.492583454 0.240961492 -0.115223870 -0.123037346 -0.021319840 -0.294266075 0.947530925
1305031469.895755 -0.496734470 0.244950011 -0.105829090 -0.132800519 -0.023811705 -0.294132024 0.946194232
1305031469.927854 -0.498514205 0.316381097 -0.106413901 -0.119219013 -0.023074299 -0.286201179 0.950443745
1305031469.959805 -0.508992910 0.333077282 -0.095353425 -0.122385629 -0.025912069 -0.285563320 0.950159967
1305031469.995551 -0.518779933 0.344108313 -0.086461194 -0.127892196 -0.029671529 -0.286597908 0.949012578
1305031470.027694 -0.528899610 0.354445249 -0.080870576 -0.133803204 -0.032967344 -0.288755417 0.947433531
1305031470.059638 -0.554055631 0.423707932 -0.082948759 -0.121019602 -0.024855627 -0.283520728 0.950974464
1305031470.095944 -0.566155255 0.437476933 -0.077240564 -0.124950774 -0.026402505 -0.283490360 0.950433314
1305031470.127633 -0.580158830 0.452830434 -0.074565269 -0.130824983 -0.026657810 -0.282651991 0.949885309
1305031470.159626 -0.598323703 0.493182123 -0.078120671 -0.128401190 -0.024174698 -0.279478163 0.951220632
1305031470.196092 -0.612234890 0.507613182 -0.077463336 -0.131672174 -0.026491655 -0.277954847 0.951158106
1305031470.227618 -0.619809389 0.511283159 -0.077493466 -0.139989942 -0.030729055 -0.277916044 0.949853301
1305031470.259965 -0.653458059 0.564812899 -0.093405448 -0.135077685 -0.022146787 -0.272949427 0.952240586
1305031470.295718 -0.665399015 0.575456381 -0.091285378 -0.143189117 -0.022697635 -0.271365792 0.951494813
1305031470.327644 -0.683552861 0.587107062 -0.095502794 -0.151959717 -0.022976868 -0.269727498 0.950593174
1305031470.359624 -0.706523061 0.601475775 -0.101166137 -0.158560485 -0.023032609 -0.268121272 0.949967921
1305031470.395823 -0.730560303 0.661639094 -0.122392513 -0.147550896 -0.019097341 -0.260594606 0.953915358
1305031470.427641 -0.751205325 0.677194417 -0.127919704 -0.148652837 -0.020903835 -0.263716817 0.952847779
1305031470.459721 -0.776790738 0.698884606 -0.137326121 -0.146333963 -0.021091150 -0.266482025 0.952433169
1305031470.495686 -0.812678337 0.729022324 -0.138491601 -0.142121315 -0.016471723 -0.263272762 0.954053283
1305031470.527689 -0.830876589 0.734056950 -0.143857390 -0.145307511 -0.019561099 -0.266461998 0.952628553
1305031470.559677 -0.837682843 0.737420499 -0.143502474 -0.149430260 -0.024816725 -0.265215069 0.952216208
1305031470.595760 -0.860185444 0.752908230 -0.139239192 -0.150681421 -0.024216795 -0.260312825 0.953386545
1305031470.627729 -0.878054202 0.757264078 -0.140211657 -0.155936271 -0.024695305 -0.258132488 0.953122079
1305031470.659690 -0.892571926 0.760662317 -0.144188941 -0.159966305 -0.026812384 -0.254484981 0.953377843
1305031470.695630 -0.908441722 0.770877123 -0.139975220 -0.163958386 -0.029790154 -0.248684779 0.954141557
1305031470.727654 -0.926259458 0.777368486 -0.139196113 -0.164650261 -0.030214192 -0.248638436 0.954021156
1305031470.759682 -0.924915552 0.777814806 -0.136036530 -0.166773230 -0.034248862 -0.240937188 0.955491006
1305031470.795615 -0.942565680 0.779601693 -0.136081308 -0.171173587 -0.031160412 -0.239423811 0.955198884
1305031470.827831 -0.962290585 0.780277729 -0.133242294 -0.170878470 -0.030433202 -0.233764216 0.956675828
1305031470.859645 -0.963178754 0.775785446 -0.137707815 -0.167937219 -0.036987636 -0.226785362 0.958643556
1305031470.895722 -0.982735515 0.783094287 -0.137018070 -0.163070098 -0.037666541 -0.223559901 0.960213721
1305031470.927684 -0.994882226 0.775814891 -0.142450720 -0.162367120 -0.045275107 -0.219134748 0.961023927
1305031470.959647 -1.024236441 0.786469162 -0.138129085 -0.150534168 -0.039454054 -0.213815451 0.964399219
1305031470.995996 -1.029607058 0.788055420 -0.141340107 -0.141096696 -0.046027415 -0.212380067 0.965850890
1305031471.027644 -1.033185482 0.785194457 -0.146943524 -0.131407768 -0.048605777 -0.210148439 0.967577994
1305031471.059636 -1.051606774 0.794981778 -0.142292067 -0.117373809 -0.043794353 -0.208139449 0.970043004
1305031471.095777 -1.068044305 0.795729041 -0.149373606 -0.108971618 -0.043117728 -0.201711431 0.972408652
1305031471.127663 -1.076579809 0.796147108 -0.152968764 -0.101054020 -0.046562184 -0.197021618 0.974064946
1305031471.159649 -1.080583692 0.802985489 -0.155808374 -0.091698781 -0.048091996 -0.193619207 0.975597382
1305031471.195703 -1.091112614 0.800851047 -0.157794490 -0.089708768 -0.045845408 -0.184493631 0.977656722
1305031471.227569 -1.099356174 0.801655829 -0.159161985 -0.088674009 -0.044049930 -0.179972827 0.978675842
1305031471.259722 -1.116406918 0.799817085 -0.161217839 -0.089778088 -0.040631898 -0.176825613 0.979296565
1305031471.296068 -1.122200608 0.798914313 -0.158812433 -0.087387517 -0.040658817 -0.172794282 0.980230868
1305031471.327642 -1.116130948 0.804401636 -0.153237835 -0.079770610 -0.042188551 -0.169608071 0.981371522
1305031471.359615 -1.137930989 0.803532541 -0.167268604 -0.079930469 -0.029568836 -0.166789353 0.982302427
1305031471.395730 -1.146669865 0.799426734 -0.167000353 -0.078957155 -0.023485083 -0.161167666 0.983483195
1305031471.427704 -1.160107136 0.798770726 -0.175201327 -0.074906096 -0.020074431 -0.155022576 0.984862506
1305031471.459647 -1.169247031 0.803302467 -0.179344714 -0.072367504 -0.020525565 -0.151325852 0.985617697
1305031471.496491 -1.180567741 0.801337898 -0.183426782 -0.073912337 -0.019328803 -0.147039443 0.986175895
1305031471.527624 -1.186450720 0.801552176 -0.186881810 -0.073425494 -0.019414984 -0.142581671 0.986864865
1305031471.559671 -1.188182950 0.802807987 -0.189373493 -0.072961129 -0.018458923 -0.139427960 0.987368107
1305031471.595702 -1.191514373 0.800165355 -0.195386961 -0.073433422 -0.015497704 -0.137320787 0.987679303
1305031471.627621 -1.192861915 0.801489830 -0.197852463 -0.071953841 -0.011180843 -0.135347411 0.988118827
1305031471.659642 -1.197347522 0.798926592 -0.204607859 -0.070715465 -0.006789299 -0.132410631 0.988645911
1305031471.695609 -1.199795604 0.802066565 -0.209628657 -0.067535795 -0.003073229 -0.127828509 0.989489496
1305031471.727501 -1.207453370 0.806341946 -0.216048002 -0.067183882 0.003015889 -0.124235466 0.989971101
1305031471.759702 -1.206318974 0.803631425 -0.217666090 -0.068827584 0.005979023 -0.118301414 0.990571499
1305031471.795801 -1.207720637 0.808399737 -0.219756439 -0.066172265 0.012485479 -0.110808738 0.991557777
1305031471.827639 -1.212589502 0.816269815 -0.223069340 -0.067739874 0.018366484 -0.103894480 0.992108881
1305031471.859665 -1.217544675 0.814303219 -0.225123689 -0.073122546 0.022382736 -0.096983321 0.992343903
1305031471.895604 -1.217789769 0.819773972 -0.226770177 -0.075500071 0.025910273 -0.090878792 0.992657781
1305031471.927651 -1.226060510 0.825259268 -0.227756694 -0.081383012 0.032431275 -0.085309967 0.992495477
1305031471.959643 -1.228766561 0.820327222 -0.226821348 -0.085448816 0.037872925 -0.084062167 0.992067397
1305031471.995573 -1.236809373 0.832017660 -0.231705546 -0.082578667 0.046635039 -0.080841288 0.992204964
1305031472.027638 -1.246587753 0.836530924 -0.230375454 -0.090504237 0.054705750 -0.078000769 0.991328478
1305031472.059668 -1.264551520 0.828952670 -0.230246976 -0.097131312 0.062001143 -0.073985502 0.990579367
1305031472.095601 -1.268139839 0.839346647 -0.228042290 -0.094197385 0.066833511 -0.069335490 0.990884840
1305031472.127594 -1.281060934 0.841100216 -0.230388984 -0.101472296 0.071213201 -0.066162139 0.990078092
1305031472.159645 -1.286924481 0.834692121 -0.223120868 -0.107138947 0.071359187 -0.063544087 0.989642024
1305031472.195682 -1.291218996 0.832771182 -0.225212231 -0.104036026 0.071468048 -0.058876988 0.990253687
1305031472.227626 -1.292984128 0.835581303 -0.227235287 -0.101347275 0.071696661 -0.056783460 0.990638196
1305031472.263840 -1.295948863 0.830190420 -0.227059588 -0.100196220 0.072389565 -0.055500872 0.990777552
1305031472.295671 -1.295543909 0.832863927 -0.226250589 -0.091107853 0.073831014 -0.053878546 0.991637766
1305031472.327678 -1.297226667 0.836758375 -0.230273291 -0.084654614 0.074944630 -0.052577358 0.992195845
1305031472.363577 -1.301259518 0.835839629 -0.233721867 -0.084830567 0.074611045 -0.051841643 0.992244661
1305031472.395599 -1.308075428 0.831454456 -0.233287603 -0.085515939 0.073949032 -0.049938753 0.992332995
1305031472.427686 -1.311798692 0.828191757 -0.234619275 -0.083349124 0.071386166 -0.049194548 0.992742121
1305031472.463603 -1.302244067 0.824996412 -0.233217105 -0.081349783 0.067712821 -0.050975740 0.993075371
1305031472.495626 -1.302183747 0.824248731 -0.234495699 -0.080457956 0.069528006 -0.051655762 0.992987514
1305031472.527625 -1.301168799 0.818234801 -0.232007280 -0.079981789 0.071838401 -0.049899735 0.992951274
1305031472.563587 -1.301967025 0.812794447 -0.233859509 -0.074360572 0.070263974 -0.047981422 0.993595183
1305031472.595675 -1.298575401 0.817873597 -0.236152396 -0.066967800 0.068834372 -0.046929918 0.994270980
1305031472.627701 -1.295881748 0.814624071 -0.234822646 -0.066230357 0.068768479 -0.044274528 0.994446695
1305031472.663575 -1.295754194 0.809823871 -0.234484792 -0.065305993 0.068609864 -0.043116339 0.994569719
1305031472.695755 -1.292465687 0.803703129 -0.233069718 -0.063372962 0.067071617 -0.040969193 0.994890392
1305031472.727628 -1.290434718 0.803008735 -0.233479440 -0.059248276 0.066080756 -0.040433783 0.995232701
1305031472.763578 -1.287158489 0.800286889 -0.232501894 -0.056478791 0.065584205 -0.042523097 0.995339453
1305031472.795640 -1.284458876 0.794301033 -0.230267361 -0.055008914 0.066771559 -0.043390751 0.995305479
1305031472.827627 -1.284921288 0.794000685 -0.229168370 -0.050784137 0.068040796 -0.043492246 0.995439529
1305031472.863598 -1.287114143 0.792861998 -0.227111742 -0.048074681 0.068680681 -0.043002725 0.995551407
1305031472.895713 -1.287718773 0.789917111 -0.225187615 -0.048207920 0.067653999 -0.040523909 0.995719254
1305031472.927685 -1.287253857 0.782655299 -0.221561730 -0.050397135 0.067110896 -0.039083276 0.995705187
1305031472.963756 -1.284134388 0.785919189 -0.219800740 -0.048296817 0.066258527 -0.037454315 0.995928943
1305031472.995704 -1.285129786 0.784480453 -0.218545675 -0.049205504 0.066055365 -0.036356129 0.995938659
1305031473.027638 -1.283510327 0.785495102 -0.215836540 -0.049183920 0.064052425 -0.036123727 0.996079028
1305031473.063684 -1.281831384 0.780452251 -0.215446621 -0.051263344 0.063073054 -0.037136946 0.995999336
1305031473.095695 -1.280887604 0.781354189 -0.213925436 -0.050094917 0.064185433 -0.039377023 0.995901763
1305031473.127744 -1.284319997 0.779386282 -0.213226601 -0.050568901 0.066165730 -0.041019488 0.995681822
1305031473.167060 -1.285623431 0.776587844 -0.212193236 -0.050385866 0.065685600 -0.040815774 0.995731294
1305031473.196069 -1.284448624 0.771855593 -0.212842703 -0.050498746 0.063888066 -0.040958844 0.995836675
