1305031452.791720 0.0000000 0.0000000 0.0000000 -0.0000000 -0.0000000 -0.0000000 1.0000000
1305031452.823674 -0.0008686 -0.0031227 0.0032422 -0.0015485 0.0108779 0.0169685 0.9997957
1305031452.859642 0.0037296 0.0042294 0.0065075 0.0035300 0.0196824 0.0330587 0.9992534
1305031452.891726 0.0038079 0.0169016 0.0045038 0.0049517 0.0281460 0.0429091 0.9986702
1305031452.959701 0.0093391 0.0228815 0.0068911 0.0021078 0.0348471 0.0488924 0.9981937
1305031453.023650 0.0221040 0.0352727 0.0000849 0.0103266 0.0490300 0.0491554 0.9975336
1305031453.159673 0.0157113 0.0592188 -0.0222097 0.0172372 0.1050510 0.0540460 0.9928475
1305031453.223689 -0.0001715 0.0608754 -0.0414318 0.0172602 0.1346858 0.0548591 0.9892181
1305031453.291696 0.0023239 0.0688476 -0.0548921 0.0168120 0.1564355 0.0648644 0.9854126
1305031453.359684 -0.0139853 0.0927083 -0.0650008 0.0286003 0.1859940 0.0796364 0.9789006
1305031453.491698 -0.0179584 0.1165085 -0.1039392 0.0438605 0.2089897 0.1179070 0.9697925
1305031453.627706 -0.0490478 0.1452906 -0.1538214 0.0765586 0.2236256 0.1356382 0.9621501
1305031453.727652 -0.1254956 0.1735772 -0.1747859 0.0963226 0.2225440 0.1170568 0.9630648
1305031453.791716 -0.1497834 0.1901805 -0.1951241 0.1041898 0.2059522 0.0998854 0.9678590
1305031453.859705 -0.2065451 0.2063736 -0.1905084 0.1096980 0.1959939 0.0843400 0.9707932
1305031453.927723 -0.2440956 0.2189316 -0.1904984 0.1085974 0.1652500 0.0728833 0.9775413
1305031453.991624 -0.2469660 0.2172398 -0.1986158 0.1006724 0.1297772 0.0535712 0.9849635
1305031454.059654 -0.2905200 0.2179112 -0.1911813 0.1013014 0.1119206 0.0322054 0.9880155
1305031454.127701 -0.3157156 0.2165154 -0.1794972 0.1010221 0.0886979 0.0021075 0.9909202
1305031454.191658 -0.3284618 0.2213198 -0.1712904 0.0976673 0.0531055 -0.0241635 0.9935074
1305031454.259627 -0.3460777 0.2273352 -0.1497066 0.1041325 0.0249896 -0.0590705 0.9924932
1305031454.391677 -0.3887544 0.2376874 -0.1364897 0.1048018 -0.0080807 -0.1153632 0.9877462
1305031454.491617 -0.4211535 0.2458331 -0.1333075 0.1029331 -0.0321188 -0.1640631 0.9805389
1305031454.559575 -0.4434687 0.2668812 -0.1328542 0.0976141 -0.0403231 -0.1924863 0.9755996
1305031454.627580 -0.4547275 0.2810113 -0.1331506 0.0905070 -0.0640179 -0.2239148 0.9682832
1305031454.691884 -0.4503860 0.2979940 -0.1328897 0.0791564 -0.0952329 -0.2361681 0.9637892
1305031454.759732 -0.4372129 0.3042402 -0.1286716 0.0689186 -0.1196869 -0.2339435 0.9623907
1305031454.891764 -0.4231827 0.3410554 -0.1311506 0.0573042 -0.1189151 -0.2000401 0.9708550
1305031455.027799 -0.4443618 0.3826120 -0.1420704 0.0516210 -0.0986492 -0.1748723 0.9782757
1305031455.191655 -0.4936448 0.4233937 -0.1449606 0.0509059 -0.0748551 -0.1602199 0.9829216
1305031455.327766 -0.5472414 0.4527659 -0.1409143 0.0402877 -0.0562972 -0.1232160 0.9899623
1305031455.391665 -0.5686670 0.4614083 -0.1342177 0.0240989 -0.0489773 -0.1053118 0.9929400
1305031455.491637 -0.6176307 0.4635898 -0.1394473 0.0107773 -0.0321337 -0.0727042 0.9967775
1305031455.559669 -0.6585743 0.4601246 -0.1442422 0.0081836 -0.0257003 -0.0460695 0.9985741
1305031455.627617 -0.6941648 0.4584883 -0.1450364 0.0062182 -0.0247059 -0.0173157 0.9995255
1305031455.691605 -0.7296904 0.4510543 -0.1557020 0.0124444 -0.0193664 -0.0133118 0.9996464
1305031455.759683 -0.7629350 0.4475349 -0.1628288 0.0156080 -0.0086938 -0.0225636 0.9995857
1305031455.859526 -0.8176695 0.4302546 -0.1845198 0.0191279 0.0058252 -0.0230202 0.9995350
1305031456.027770 -0.8828312 0.4216301 -0.2068406 0.0137478 0.0289824 -0.0316965 0.9989827
1305031456.127645 -0.9194793 0.3933509 -0.2101326 -0.0086275 0.0450196 -0.0435307 0.9980000
1305031456.191658 -0.9338289 0.3699256 -0.2139480 -0.0083992 0.0571544 -0.0420712 0.9974431
1305031456.291675 -0.9616249 0.3573550 -0.1991850 -0.0024108 0.0910930 -0.0308961 0.9953601
1305031456.391619 -0.9800240 0.3427750 -0.1819093 0.0071993 0.1246254 -0.0152611 0.9920604
1305031456.491677 -1.0311954 0.3430004 -0.1567910 0.0115364 0.1492312 0.0032735 0.9887296
1305031456.591651 -1.0491921 0.3405155 -0.1180214 0.0075798 0.1502374 0.0214147 0.9883890
1305031456.691612 -1.0778077 0.3198814 -0.0848777 -0.0184218 0.1649220 0.0486538 0.9849336
1305031456.791649 -1.1147951 0.3084332 -0.0444076 -0.0225414 0.1580621 0.0741312 0.9843845
1305031456.927690 -1.1336577 0.3135883 0.0046676 -0.0230575 0.1600082 0.1009907 0.9816653
1305031457.027648 -1.1703172 0.3061124 0.0304332 -0.0373346 0.1766773 0.1154382 0.9767627
1305031457.127632 -1.2022585 0.2891220 0.0448609 -0.0565554 0.1913361 0.1317068 0.9710022
1305031457.227543 -1.2469802 0.2815546 0.0492537 -0.0556116 0.2133012 0.1507844 0.9636773
1305031457.327548 -1.2862884 0.2695514 0.0392009 -0.0415999 0.2361711 0.1668046 0.9563832
1305031457.427641 -1.3317506 0.2509812 0.0279106 -0.0319143 0.2633984 0.1861090 0.9460266
1305031457.527638 -1.3726875 0.2278534 0.0094328 -0.0242664 0.2689865 0.1965956 0.9425538
1305031457.627526 -1.4120507 0.2101583 -0.0011307 -0.0155406 0.2794143 0.2046857 0.9379712
1305031457.727669 -1.4497662 0.1867771 -0.0072495 -0.0173145 0.2813066 0.2108306 0.9360114
1305031457.791567 -1.4668721 0.1560277 -0.0070032 -0.0114673 0.2902249 0.2054879 0.9345656
1305031457.891593 -1.5053403 0.1320205 -0.0010930 0.0085457 0.3172623 0.2034643 0.9262149
1305031458.027845 -1.5362400 0.1128344 0.0047385 0.0475551 0.3243449 0.2048956 0.9222564
1305031458.091690 -1.5608523 0.1189132 0.0251459 0.0614701 0.3337358 0.2071170 0.9175753
1305031458.191646 -1.6027594 0.0791232 0.0618403 0.0581667 0.3466887 0.2152168 0.9111012
1305031458.259934 -1.6122909 0.0387275 0.0845774 0.0427334 0.3405292 0.2189775 0.9133797
1305031458.327628 -1.6310840 0.0176685 0.1146244 0.0534410 0.3348415 0.2199295 0.9146892
1305031458.359590 -1.6342332 -0.0064089 0.1254002 0.0564510 0.3315676 0.2198417 0.9157215
1305031458.427598 -1.6426195 -0.0046630 0.1498681 0.0820170 0.3298768 0.2259351 0.9129118
1305031458.491696 -1.6427897 -0.0164330 0.1920410 0.1158135 0.3512613 0.2247189 0.9015011
1305031458.527737 -1.6422735 -0.0071083 0.2075048 0.1331874 0.3615217 0.2183778 0.8965904
1305031458.591641 -1.6529018 -0.0118775 0.2479519 0.1456941 0.3815672 0.2078103 0.8888164
1305031458.659623 -1.6764256 0.0059267 0.3037670 0.1460070 0.3857158 0.2009000 0.8885632
1305031458.727650 -1.6707674 -0.0050472 0.3470466 0.1371814 0.3614588 0.1879004 0.9028966
1305031458.891665 -1.6275743 0.0199259 0.4044766 0.1465499 0.3160633 0.1492496 0.9253927
1305031459.027665 -1.6653273 -0.0394806 0.4534255 0.1438260 0.3392627 0.1730842 0.9133766
1305031459.091650 -1.7060963 -0.0861618 0.4762327 0.1629809 0.3233669 0.1887412 0.9128241
1305031459.227607 -1.7665830 -0.1265840 0.5159297 0.1989729 0.2550984 0.2032929 0.9241248
1305031459.291690 -1.7741230 -0.1079808 0.5436932 0.2043230 0.2611869 0.2200204 0.9174010
1305031459.359651 -1.7869251 -0.1110013 0.5625525 0.2080366 0.3004622 0.2570989 0.8946192
1305031459.391667 -1.8073199 -0.0959491 0.5770266 0.2105027 0.3249617 0.2821527 0.8777689
1305031459.427646 -1.8098507 -0.0873415 0.5969314 0.2041817 0.3532076 0.3161633 0.8565016
1305031459.459679 -1.8282616 -0.0983776 0.6085568 0.2036894 0.3850750 0.3536134 0.8277593
1305031459.491555 -1.8814523 -0.1181893 0.6329562 0.1975182 0.4170426 0.3825725 0.8004376
1305031459.527594 -1.8937237 -0.1155790 0.6528385 0.1925804 0.4297976 0.4144331 0.7787375
1305031459.559647 -1.9031717 -0.1260618 0.6805216 0.1907406 0.4446799 0.4356763 0.7589889
1305031459.627608 -1.9317780 -0.1449020 0.7150527 0.1906689 0.4500805 0.4617028 0.7402050
1305031459.727551 -1.9600128 -0.1677461 0.7798747 0.1839477 0.4755572 0.4708609 0.7199296
1305031459.827664 -1.9874268 -0.2398068 0.8507146 0.1806733 0.4942014 0.4616602 0.7141373
1305031459.891596 -1.9937704 -0.2832778 0.8896858 0.1729507 0.4906626 0.4649149 0.7163745
1305031459.959650 -1.9912386 -0.3265280 0.9282967 0.1736639 0.4887539 0.4702779 0.7140023
1305031460.059659 -1.9765249 -0.4006330 0.9720538 0.1686960 0.4900855 0.4808052 0.7072371
1305031460.127690 -1.9666975 -0.4499685 1.0002807 0.1797962 0.4795844 0.4921340 0.7039008
1305031460.191559 -1.9549384 -0.4808154 1.0299766 0.1922711 0.4674155 0.5030140 0.7010931
1305031460.291689 -1.9145850 -0.5081528 1.0423288 0.1922158 0.4792430 0.5046244 0.6919057
1305031460.359630 -1.8994625 -0.5279573 1.0635808 0.1911976 0.4961825 0.5054503 0.6795340
1305031460.459620 -1.8683872 -0.5594798 1.0842175 0.1819062 0.5238141 0.5162662 0.6526853
1305031460.559647 -1.8374630 -0.5950505 1.1182137 0.1632450 0.5519521 0.5360372 0.6175468
1305031460.659764 -1.8080571 -0.6217641 1.1541588 0.1530531 0.5774120 0.5362667 0.5963122
1305031460.791660 -1.7627516 -0.6554304 1.2113577 0.1398629 0.5963169 0.5344833 0.5823849
1305031460.927562 -1.7144339 -0.6801271 1.2546859 0.1158770 0.6082129 0.5303944 0.5790780
1305031460.991668 -1.6798460 -0.6950666 1.2624459 0.1119163 0.6121514 0.5314319 0.5747397
1305031461.059662 -1.6551455 -0.7055875 1.2791626 0.1180841 0.6176513 0.5275146 0.5712191
1305031461.159720 -1.6105022 -0.7227440 1.2914056 0.1135764 0.6194977 0.5227256 0.5745267
1305031461.259642 -1.5848609 -0.7308966 1.3011811 0.1157677 0.6243332 0.5101621 0.5801213
1305031461.359709 -1.5622125 -0.7243731 1.3121549 0.1109958 0.6328566 0.4960294 0.5840611
1305031461.527705 -1.5216526 -0.7300640 1.3036394 0.0987730 0.6327563 0.4979063 0.5847672
1305031461.627541 -1.5258278 -0.7222146 1.2864319 0.0902048 0.6433186 0.4920091 0.5795959
1305031461.759684 -1.5322502 -0.6932907 1.2652388 0.0874893 0.6453573 0.5045002 0.5668678
1305031461.859767 -1.5513433 -0.6691056 1.2453003 0.0837763 0.6466607 0.5213761 0.5504346
1305031461.959703 -1.5811324 -0.6459934 1.2143358 0.0770473 0.6340976 0.5520466 0.5359371
1305031462.027675 -1.6858320 -0.7082664 1.1274551 0.0732150 0.6067718 0.5906702 0.5268551
1305031462.091777 -1.7053236 -0.7042549 1.0907395 0.0733286 0.5817164 0.6184987 0.5231524
1305031462.159646 -1.7157979 -0.6967237 1.0876917 0.0694090 0.5711573 0.6365308 0.5136051
1305031462.291629 -1.7385308 -0.6942531 1.0976214 0.0413870 0.5586809 0.6494304 0.5142012
1305031462.427635 -1.7574265 -0.7049679 1.1252619 -0.0004439 0.5374092 0.6560940 0.5298413
1305031462.559862 -1.8301628 -0.6601394 1.1801004 -0.0239262 0.5152038 0.6410418 0.5683819
1305031462.827816 -1.9980202 -0.5844723 1.1510700 -0.0375205 0.4931533 0.5803535 0.6469791
1305031462.927607 -2.0623655 -0.5248966 1.1014185 -0.0394931 0.4854880 0.5693894 0.6622216
1305031463.095809 -2.1371870 -0.4376874 1.0020624 -0.0227133 0.4730447 0.5385033 0.6969412
1305031463.195657 -2.1828609 -0.3877386 0.9455146 -0.0176758 0.4740244 0.5117483 0.7163115
1305031463.359750 -2.2047849 -0.3122329 0.8443071 -0.0078953 0.4676715 0.4915971 0.7345430
1305031463.459756 -2.2127254 -0.2399099 0.7793912 -0.0002620 0.4602345 0.4808266 0.7463176
1305031463.595600 -2.2140114 -0.1745930 0.6943945 0.0013417 0.4675930 0.4762937 0.7446470
1305031463.695640 -2.2106204 -0.1313937 0.6083286 0.0129849 0.4708140 0.4654274 0.7493617
1305031463.795647 -2.1129048 0.0551916 0.5427808 0.0480218 0.4710177 0.4287942 0.7693970
1305031463.859910 -2.1045728 0.0646026 0.4851745 0.0438061 0.4767849 0.4090823 0.7767941
1305031463.959680 -2.1047475 0.0755890 0.4286198 0.0482157 0.4829592 0.3836832 0.7856290
1305031464.027703 -2.1123180 0.0786138 0.3897316 0.0525949 0.4843238 0.3661748 0.7928305
1305031464.095634 -2.1136622 0.0764680 0.3414471 0.0520190 0.4884095 0.3468404 0.7990319
1305031464.195585 -2.1140952 0.0682834 0.3173801 0.0699988 0.4901131 0.3286718 0.8042787
1305031464.259644 -2.1255052 0.0817904 0.3044059 0.0941784 0.4747066 0.3143905 0.8166656
1305031464.359684 -2.1125288 0.0880262 0.2399925 0.1039867 0.4356463 0.2971137 0.8432809
1305031464.427634 -2.1029067 0.1079147 0.1872246 0.1085934 0.4253845 0.2780824 0.8543569
1305031464.559703 -2.0945919 0.1165839 0.1079978 0.1019481 0.4191931 0.2451679 0.8682030
1305031464.627672 -2.0457048 0.1229871 0.0336345 0.1040133 0.4210250 0.2250857 0.8724996
1305031464.695663 -2.0231721 0.1173045 -0.0214753 0.1096537 0.4397589 0.1942342 0.8699777
1305031464.759740 -2.0258114 0.1314133 -0.0285408 0.1314985 0.4541241 0.1470851 0.8688184
1305031464.827759 -2.0160663 0.1277463 -0.0241067 0.1408327 0.4451184 0.1090508 0.8775784
1305031464.895817 -2.0025568 0.1403663 -0.0271877 0.1416586 0.4170842 0.0708549 0.8949599
1305031464.995687 -1.9659107 0.1320328 -0.0445992 0.1319596 0.3985929 0.0143122 0.9074720
1305031465.059749 -1.9169273 0.1589232 -0.0190555 0.1366626 0.3966448 -0.0335578 0.9071219
1305031465.127664 -1.9067682 0.1750571 -0.0105861 0.1070436 0.3717822 -0.0556483 0.9204472
1305031465.195564 -1.8587768 0.1903642 -0.0096502 0.0771412 0.3437475 -0.0664318 0.9335276
1305031465.295623 -1.7901152 0.2332257 0.0099708 0.0597158 0.3113036 -0.0647461 0.9462199
1305031465.359948 -1.7544488 0.2502314 0.0161168 0.0581081 0.2794226 -0.0410047 0.9575307
1305031465.427697 -1.6978964 0.2808813 0.0130006 0.0749005 0.2412442 -0.0271261 0.9671894
1305031465.495703 -1.6582578 0.3221905 -0.0020778 0.0888351 0.2136312 -0.0072514 0.9728399
1305031465.595599 -1.5890367 0.3570098 -0.0363686 0.1049556 0.1783025 0.0052950 0.9783479
1305031465.695668 -1.5244408 0.4151319 -0.0608192 0.1313475 0.1467199 0.0225667 0.9801591
1305031465.795937 -1.4723912 0.4775050 -0.0799204 0.1604872 0.1305036 0.0408871 0.9775178
1305031465.895494 -1.4092243 0.5474253 -0.0981714 0.1900244 0.1221652 0.0490548 0.9729132
1305031465.959710 -1.3715669 0.5848005 -0.1141290 0.2058737 0.1328768 0.0489739 0.9682776
1305031466.059757 -1.3323907 0.6698719 -0.1241338 0.2249724 0.1388047 0.0459869 0.9633307
1305031466.160428 -1.3025173 0.7322122 -0.1434937 0.2146524 0.1229790 0.0495393 0.9676499
1305031466.259815 -1.2654115 0.7694053 -0.1847912 0.1898371 0.0974867 0.0410512 0.9761009
1305031466.327702 -1.2379504 0.8044382 -0.2115841 0.1909704 0.1118224 0.0204744 0.9749907
1305031466.395784 -1.2303554 0.8108222 -0.2433752 0.1782970 0.1265867 0.0145631 0.9756915
1305031466.495809 -1.1948144 0.8533052 -0.2742187 0.1818733 0.1145108 0.0015175 0.9766305
1305031466.595936 -1.1446913 0.8884766 -0.3017362 0.1709435 0.1166120 -0.0002452 0.9783558
1305031466.695822 -1.0957483 0.9109467 -0.3244864 0.1693988 0.1207506 -0.0169471 0.9779755
1305031466.795604 -1.0459998 0.9249207 -0.3496953 0.1662548 0.1167845 -0.0413798 0.9782681
1305031466.895694 -1.0106670 0.9404902 -0.3663736 0.1656853 0.0956680 -0.0478506 0.9803603
1305031466.995712 -0.9575782 0.9529115 -0.3913338 0.1675087 0.0612148 -0.0597665 0.9821515
1305031467.128974 -0.8987412 0.9666796 -0.4095835 0.1649001 0.0498230 -0.0850152 0.9813756
1305031467.227704 -0.8610370 0.9762499 -0.4245960 0.1668321 0.0353213 -0.1056856 0.9796683
1305031467.359654 -0.8084592 0.9953857 -0.4433836 0.1702415 0.0118649 -0.1291328 0.9768325
1305031467.496058 -0.7493961 1.0054150 -0.4641857 0.1578558 -0.0191844 -0.1474871 0.9761972
1305031467.627532 -0.7027527 0.9960844 -0.4826198 0.1500153 -0.0309807 -0.1540679 0.9761141
1305031467.759907 -0.6589891 0.9781998 -0.4830115 0.1689498 -0.0462937 -0.1636889 0.9708341
1305031467.859729 -0.6333446 0.9533023 -0.4715626 0.1838899 -0.0581612 -0.1671437 0.9668841
1305031467.959826 -0.6052319 0.9206809 -0.4507137 0.1962267 -0.0803168 -0.1757543 0.9613297
1305031468.059850 -0.5657391 0.8778107 -0.4228941 0.1995313 -0.0903102 -0.1865925 0.9577132
1305031468.159864 -0.5347888 0.8371871 -0.3945991 0.2009288 -0.1014530 -0.1942722 0.9547739
1305031468.259754 -0.5014461 0.7842236 -0.3750792 0.1954085 -0.1043211 -0.1969292 0.9550663
1305031468.359787 -0.4693957 0.7187115 -0.3642472 0.1940078 -0.1027564 -0.1916641 0.9565913
1305031468.459759 -0.4532661 0.6648383 -0.3624864 0.1829370 -0.1033198 -0.1887869 0.9592803
1305031468.559739 -0.4464246 0.5917546 -0.3686788 0.1745249 -0.1000697 -0.2029646 0.9582967
1305031468.695835 -0.4554647 0.5099201 -0.3682950 0.1632898 -0.1119953 -0.2170947 0.9558574
1305031468.829247 -0.4606040 0.4428771 -0.3743297 0.1720017 -0.1284955 -0.2343328 0.9481521
1305031468.995711 -0.4783947 0.4218561 -0.3603675 0.1509831 -0.1050480 -0.2333678 0.9548343
1305031469.127679 -0.4860651 0.3745857 -0.3365455 0.0846094 -0.0921012 -0.2613534 0.9571066
1305031469.259586 -0.4909764 0.3497117 -0.3081575 0.0541753 -0.0634729 -0.2744741 0.9579667
1305031469.395695 -0.4864205 0.3306577 -0.2713541 0.0303050 -0.0412998 -0.2840650 0.9574357
1305031469.495744 -0.4680330 0.1126069 -0.2969783 -0.0470589 -0.0421663 -0.3093267 0.9488543
1305031469.627752 -0.4720748 0.1581670 -0.2289871 -0.0742980 -0.0382727 -0.3063897 0.9482301
1305031469.795621 -0.4791787 0.2045509 -0.1476689 -0.1096644 -0.0199631 -0.2989261 0.9477439
1305031469.927854 -0.4985142 0.3163811 -0.1064139 -0.1192190 -0.0230743 -0.2862012 0.9504437
1305031470.059638 -0.5540557 0.4237079 -0.0829488 -0.1210196 -0.0248556 -0.2835207 0.9509745
1305031470.159626 -0.5983237 0.4931821 -0.0781207 -0.1284012 -0.0241747 -0.2794782 0.9512206
1305031470.259965 -0.6534581 0.5648129 -0.0934055 -0.1350777 -0.0221468 -0.2729494 0.9522406
1305031470.395823 -0.7305603 0.6616391 -0.1223925 -0.1475509 -0.0190973 -0.2605946 0.9539154
1305031470.495686 -0.8126783 0.7290224 -0.1384916 -0.1421213 -0.0164717 -0.2632728 0.9540533
1305031470.595760 -0.8601854 0.7529083 -0.1392392 -0.1506814 -0.0242168 -0.2603128 0.9533865
1305031470.695630 -0.9084418 0.7708772 -0.1399752 -0.1639584 -0.0297902 -0.2486848 0.9541416
1305031470.759682 -0.9249157 0.7778149 -0.1360365 -0.1667732 -0.0342489 -0.2409372 0.9554910
1305031470.827831 -0.9622906 0.7802777 -0.1332423 -0.1708785 -0.0304332 -0.2337642 0.9566758
1305031470.895722 -0.9827355 0.7830943 -0.1370181 -0.1630701 -0.0376665 -0.2235599 0.9602137
1305031470.959647 -1.0242364 0.7864692 -0.1381291 -0.1505342 -0.0394541 -0.2138155 0.9643992
1305031471.059636 -1.0516069 0.7949817 -0.1422921 -0.1173738 -0.0437944 -0.2081394 0.9700430
1305031471.195703 -1.0911125 0.8008510 -0.1577945 -0.0897088 -0.0458454 -0.1844936 0.9776567
1305031471.359615 -1.1379311 0.8035326 -0.1672686 -0.0799305 -0.0295688 -0.1667894 0.9823024
1305031471.559671 -1.1881830 0.8028079 -0.1893735 -0.0729611 -0.0184589 -0.1394280 0.9873681
1305031471.727501 -1.2074533 0.8063421 -0.2160480 -0.0671839 0.0030159 -0.1242355 0.9899711
1305031471.927651 -1.2260604 0.8252593 -0.2277567 -0.0813830 0.0324313 -0.0853100 0.9924955
1305031472.059668 -1.2645515 0.8289527 -0.2302470 -0.0971313 0.0620011 -0.0739855 0.9905794
1305031472.159645 -1.2869245 0.8346921 -0.2231209 -0.1071389 0.0713592 -0.0635441 0.9896420
1305031472.295671 -1.2955439 0.8328639 -0.2262506 -0.0911079 0.0738310 -0.0538785 0.9916378
1305031472.463603 -1.3022442 0.8249964 -0.2332171 -0.0813498 0.0677128 -0.0509757 0.9930754
1305031472.627701 -1.2958817 0.8146240 -0.2348226 -0.0662304 0.0687685 -0.0442745 0.9944467
1305031472.963756 -1.2841345 0.7859192 -0.2198007 -0.0482968 0.0662585 -0.0374543 0.9959289
