1311867170.462290 0.0000000 0.0000000 0.0000000 -0.0000000 -0.0000000 -0.0000000 1.0000000
1311867171.026274 -0.0263433 -0.0344178 -0.0450267 0.0036841 -0.0162297 -0.0102236 0.9998093
1311867171.062352 -0.0281301 -0.0381094 -0.0483556 0.0061569 -0.0167925 -0.0116552 0.9997721
1311867171.226253 -0.0160539 -0.0394146 -0.0577266 0.0128350 -0.0213652 -0.0042449 0.9996803
1311867174.126454 -0.2317820 -0.0211857 -0.1008209 -0.0246350 -0.0458501 -0.0327802 0.9981064
1311867175.626480 -0.3496401 0.0057077 -0.0959887 -0.0462520 -0.0514458 -0.0447346 0.9966007
1311867175.998300 -0.3873990 0.0103987 -0.0969307 -0.0496024 -0.0573559 -0.0443129 0.9961357
1311867176.862731 -0.4509491 0.0330364 -0.1165061 -0.0281242 -0.0612791 -0.0459815 0.9966642
1311867177.362771 -0.4963137 0.0387083 -0.1219323 -0.0265046 -0.0658668 -0.0518906 0.9961257
1311867177.994777 -0.5345301 0.0532526 -0.1345929 -0.0269400 -0.0673246 -0.0506223 0.9960818
1311867178.430658 -0.5712885 0.0569139 -0.1452813 -0.0251616 -0.0768502 -0.0503616 0.9954520
1311867179.131037 -0.6012560 0.0658465 -0.1496344 -0.0159982 -0.0641542 -0.0552192 0.9962827
1311867179.830753 -0.6325942 0.0735833 -0.1612353 -0.0212414 -0.0856776 -0.0520686 0.9947346
1311867182.603637 -0.4963221 0.0503581 -0.1559467 -0.0127328 -0.0783714 -0.0573157 0.9951938
1311867182.998350 -0.4647224 0.0398075 -0.1613662 -0.0148604 -0.0742278 -0.0550130 0.9956118
1311867183.466738 -0.4332635 0.0341010 -0.1565103 -0.0149412 -0.0750714 -0.0614194 0.9951727
1311867183.865499 -0.4037391 0.0202994 -0.1500559 -0.0177944 -0.0716408 -0.0620816 0.9953375
1311867184.230936 -0.3789860 0.0136622 -0.1470800 -0.0187737 -0.0718962 -0.0637383 0.9951965
1311867188.135990 -0.0034051 -0.0521433 -0.1036816 -0.0587342 -0.0835651 -0.0677291 0.9924616
1311867190.631421 0.3005267 -0.0878606 -0.1016769 -0.0251279 -0.0590089 -0.0459171 0.9968842
1311867191.063627 0.3424045 -0.1010350 -0.0855367 -0.0305317 -0.0613294 -0.0505939 0.9963668
1311867191.463414 0.3858364 -0.1062439 -0.0685974 -0.0344371 -0.0611402 -0.0546578 0.9960364
1311867191.863471 0.4143828 -0.1064489 -0.0524841 -0.0400672 -0.0663982 -0.0544431 0.9955008
1311867192.299473 0.4388781 -0.1113250 -0.0337263 -0.0437281 -0.0666269 -0.0552613 0.9952863
1311867192.799500 0.4729687 -0.1236019 -0.0262294 -0.0409478 -0.0594617 -0.0548913 0.9958788
1311867193.499549 0.5109349 -0.1264418 -0.0144297 -0.0477130 -0.0611798 -0.0555350 0.9954378
1311867194.099680 0.5450428 -0.1277598 -0.0125251 -0.0471395 -0.0537874 -0.0560264 0.9958644
1311867197.067817 0.4193134 -0.1200589 -0.0164291 -0.0537315 -0.0560808 -0.0577859 0.9953033
1311867205.668640 -0.0553146 -0.1971173 -0.1297323 0.0047437 -0.0536053 -0.0637690 0.9965127
1311867206.936441 -0.0800626 -0.2891220 -0.1302444 0.0045529 -0.0603006 -0.0643927 0.9960907
1311867207.668773 -0.0930747 -0.3404272 -0.1298348 0.0092226 -0.0639797 -0.0714985 0.9953439
1311867208.101134 -0.0972037 -0.3715154 -0.1267476 0.0138349 -0.0694277 -0.0723119 0.9948665
1311867208.936516 -0.1056407 -0.4135624 -0.1220297 0.0182705 -0.0746918 -0.0755601 0.9941720
1311867209.368685 -0.1083967 -0.4276318 -0.1332693 0.0273683 -0.0762466 -0.0745013 0.9939250
1311867209.836574 -0.1203851 -0.4507194 -0.1416357 0.0333754 -0.0803979 -0.0745280 0.9934123
1311867212.969087 -0.1051647 -0.3965667 -0.1824691 0.0488367 -0.0715655 -0.0683893 0.9938895
1311867215.005064 -0.0608113 -0.2744108 -0.2039082 0.0494230 -0.0557125 -0.0673608 0.9949452
1311867222.369496 0.0050893 0.0708484 -0.2031048 -0.0310504 -0.0471023 -0.0792195 0.9952595
1311867223.277936 0.0038951 0.1130113 -0.1823307 -0.0435511 -0.0589338 -0.0613548 0.9954224
1311867224.037596 -0.0045413 0.1575169 -0.1887166 -0.0549365 -0.0505659 -0.0586553 0.9954821
1311867225.605520 -0.0086412 0.2571926 -0.1983043 -0.0195299 -0.0372179 -0.0535935 0.9976779
1311867226.937813 -0.0210901 0.3299916 -0.2262216 -0.0102749 -0.0500747 -0.0537484 0.9972453
1311867231.705921 -0.0529481 0.2279129 -0.2804859 0.0202004 -0.0588716 -0.0403955 0.9972433
1311867234.542293 -0.0645005 0.0950816 -0.2970749 0.0404652 -0.0739634 -0.0512784 0.9951193
1311867238.006500 -0.1017418 0.0627165 -0.1431422 0.0152778 -0.0618137 -0.0549655 0.9964560
1311867241.074792 -0.0754844 0.0011138 0.1520739 -0.0157987 -0.0783488 -0.0619686 0.9948727
1311867242.642862 -0.1152111 0.0015343 0.2430742 -0.0202117 -0.0626608 -0.0623342 0.9958813
1311867243.842825 -0.1310032 -0.0083773 0.3209082 -0.0379625 -0.0438659 -0.0488408 0.9971205
1311867244.574880 -0.1209179 -0.0097136 0.3751812 -0.0445858 -0.0446071 -0.0479704 0.9968557
1311867245.074920 -0.1163036 -0.0084353 0.4175095 -0.0534705 -0.0363414 -0.0454930 0.9968704
1311867245.811035 -0.1326783 -0.0106117 0.4817677 -0.0602804 -0.0304595 -0.0491186 0.9965068
1311867246.475133 -0.1518574 0.0050625 0.5352001 -0.0746711 -0.0242395 -0.0599319 0.9951105
1311867248.976589 -0.1213104 -0.0192601 0.3973581 -0.0526788 -0.0311038 -0.0583747 0.9964185
1311867250.043427 -0.0821410 -0.0075631 0.2868922 -0.0463392 -0.0327665 -0.0579305 0.9967061
1311867256.314334 -0.0553071 -0.0440991 -0.3353598 -0.0025733 -0.0686632 -0.0656067 0.9954770
1311867258.743665 -0.0185258 -0.0612907 -0.5532807 0.0131961 -0.0590002 -0.0566641 0.9965611
1311867261.153079 0.0633496 -0.0658446 -0.7972032 0.0418316 -0.0537141 -0.0531113 0.9962651
1311867262.479872 0.0600803 -0.0229622 -0.9447571 0.0500558 -0.0406685 -0.0491015 0.9967093
1311867263.648021 0.0786585 0.0019702 -1.0631790 0.0778830 -0.0405551 -0.0568748 0.9945124
1311867264.848189 0.1111014 0.0224809 -1.1549395 0.0847979 -0.0646463 -0.0714739 0.9917266
1311867265.712166 0.1190843 0.0273555 -1.1948915 0.1004710 -0.0532943 -0.0562147 0.9919200
1311867266.780320 0.1199387 0.0379899 -1.2291973 0.1185327 -0.0566275 -0.0529434 0.9899194
1311867271.216570 0.0300633 -0.0560421 -0.9290912 0.0220630 -0.0231092 -0.0610504 0.9976232
1311867277.816868 -0.0750119 -0.2030737 -0.1584653 -0.0235121 -0.0285335 -0.0566216 0.9977109
1311867278.616874 -0.0665871 -0.2145952 -0.0597566 0.0097061 -0.0414692 -0.0504846 0.9978163
1311867279.317001 -0.0627644 -0.2105973 0.0165297 0.0036122 -0.0477293 -0.0580738 0.9971641
1311867279.885430 -0.0602453 -0.2087254 0.0777470 -0.0143394 -0.0503479 -0.0601035 0.9968185
1311867280.285235 -0.0520247 -0.2034349 0.1209110 -0.0299667 -0.0411054 -0.0558977 0.9971398
1311867280.785051 -0.0468404 -0.2038048 0.1666705 -0.0524708 -0.0311942 -0.0594536 0.9963629
1311867281.417074 -0.0407925 -0.2004393 0.2242158 -0.0778735 -0.0276982 -0.0630652 0.9945810
1311867282.017320 -0.0252846 -0.2047902 0.2643539 -0.0807313 -0.0388211 -0.0532269 0.9945563
1311867282.717391 -0.0084676 -0.2125224 0.3075502 -0.0855457 -0.0450264 -0.0516405 0.9939758
1311867283.717915 -0.0116314 -0.2082436 0.3430163 -0.0829999 -0.0456858 -0.0568961 0.9938745
1311867284.949247 -0.0131232 -0.1942210 0.3616463 -0.0903636 -0.0469132 -0.0545574 0.9933062
1311867286.417777 -0.0318123 -0.1999918 0.3626401 -0.0828594 -0.0504859 -0.0614201 0.9933847
